0 4
0 5
0 6
1 7
1 8
4 7
4 8
2 9
5 9
7 9
4 0
5 0
6 0
7 1
7 4
8 1
8 4
9 2
9 5
9 7
0 1
0 2
0 3
1 0
1 2
1 3
2 0
2 1
2 3
3 0
3 1
3 2
4 5
4 6
5 4
5 6
6 4
6 5
7 8
8 7
1 4
4 1
2 5
2 7
5 2
5 7
7 2
7 5
3 6
3 8
3 9
6 3
6 8
6 9
8 3
8 6
8 9
9 3
9 6
9 8
0 14
14 0
0 15
15 0
0 16
16 0
1 17
17 1
1 18
18 1
4 17
17 4
4 18
18 4
2 19
19 2
5 19
19 5
7 19
19 7
4 10
10 4
5 10
10 5
6 10
10 6
7 11
11 7
7 14
14 7
8 11
11 8
8 14
14 8
9 12
12 9
9 15
15 9
9 17
17 9
0 11
11 0
0 12
12 0
0 13
13 0
1 10
10 1
1 12
12 1
1 13
13 1
2 10
10 2
2 11
11 2
2 13
13 2
3 10
10 3
3 11
11 3
3 12
12 3
4 15
15 4
4 16
16 4
5 14
14 5
5 16
16 5
6 14
14 6
6 15
15 6
7 18
18 7
8 17
17 8
1 14
14 1
4 11
11 4
2 15
15 2
2 17
17 2
5 12
12 5
5 17
17 5
7 12
12 7
7 15
15 7
3 16
16 3
3 18
18 3
3 19
19 3
6 13
13 6
6 18
18 6
6 19
19 6
8 13
13 8
8 16
16 8
8 19
19 8
9 13
13 9
9 16
16 9
9 18
18 9
0 10
10 0
1 11
11 1
2 12
12 2
3 13
13 3
4 14
14 4
5 15
15 5
6 16
16 6
7 17
17 7
8 18
18 8
9 19
19 9
0 20
20 0
1 20
20 1
2 20
20 2
3 20
20 3
4 20
20 4
5 20
20 5
6 20
20 6
1 21
21 1
4 21
21 4
2 21
21 2
3 21
21 3
5 21
21 5
6 21
21 6
7 21
21 7
8 21
21 8
2 22
22 2
5 22
22 5
7 22
22 7
3 22
22 3
6 22
22 6
8 22
22 8
9 22
22 9
3 23
23 3
6 23
23 6
8 23
23 8
9 23
23 9
10 14
10 15
10 16
11 17
11 18
14 17
14 18
12 19
15 19
17 19
14 10
15 10
16 10
17 11
17 14
18 11
18 14
19 12
19 15
19 17
10 11
10 12
10 13
11 10
11 12
11 13
12 10
12 11
12 13
13 10
13 11
13 12
14 15
14 16
15 14
15 16
16 14
16 15
17 18
18 17
11 14
14 11
12 15
12 17
15 12
15 17
17 12
17 15
13 16
13 18
13 19
16 13
16 18
16 19
18 13
18 16
18 19
19 13
19 16
19 18
10 20
20 10
11 20
20 11
12 20
20 12
13 20
20 13
14 20
20 14
15 20
20 15
16 20
20 16
11 21
21 11
14 21
21 14
12 21
21 12
13 21
21 13
15 21
21 15
16 21
21 16
17 21
21 17
18 21
21 18
12 22
22 12
15 22
22 15
17 22
22 17
13 22
22 13
16 22
22 16
18 22
22 18
19 22
22 19
13 23
23 13
16 23
23 16
18 23
23 18
19 23
23 19
