0 11
0 12
0 13
0 14
0 15
0 16
0 17
0 18
0 19
0 20
1 21
1 22
1 23
1 24
1 25
1 26
1 27
1 28
1 29
11 21
11 22
11 23
11 24
11 25
11 26
11 27
11 28
11 29
2 30
2 31
2 32
2 33
2 34
2 35
2 36
2 37
12 30
12 31
12 32
12 33
12 34
12 35
12 36
12 37
21 30
21 31
21 32
21 33
21 34
21 35
21 36
21 37
3 38
3 39
3 40
3 41
3 42
3 43
3 44
13 38
13 39
13 40
13 41
13 42
13 43
13 44
22 38
22 39
22 40
22 41
22 42
22 43
22 44
30 38
30 39
30 40
30 41
30 42
30 43
30 44
4 45
4 46
4 47
4 48
4 49
4 50
14 45
14 46
14 47
14 48
14 49
14 50
23 45
23 46
23 47
23 48
23 49
23 50
31 45
31 46
31 47
31 48
31 49
31 50
38 45
38 46
38 47
38 48
38 49
38 50
5 51
5 52
5 53
5 54
5 55
15 51
15 52
15 53
15 54
15 55
24 51
24 52
24 53
24 54
24 55
32 51
32 52
32 53
32 54
32 55
39 51
39 52
39 53
39 54
39 55
45 51
45 52
45 53
45 54
45 55
6 56
6 57
6 58
6 59
16 56
16 57
16 58
16 59
25 56
25 57
25 58
25 59
33 56
33 57
33 58
33 59
40 56
40 57
40 58
40 59
46 56
46 57
46 58
46 59
51 56
51 57
51 58
51 59
7 60
7 61
7 62
17 60
17 61
17 62
26 60
26 61
26 62
34 60
34 61
34 62
41 60
41 61
41 62
47 60
47 61
47 62
52 60
52 61
52 62
56 60
56 61
56 62
8 63
8 64
18 63
18 64
27 63
27 64
35 63
35 64
42 63
42 64
48 63
48 64
53 63
53 64
57 63
57 64
60 63
60 64
9 65
19 65
28 65
36 65
43 65
49 65
54 65
58 65
61 65
63 65
11 0
12 0
13 0
14 0
15 0
16 0
17 0
18 0
19 0
20 0
21 1
21 11
22 1
22 11
23 1
23 11
24 1
24 11
25 1
25 11
26 1
26 11
27 1
27 11
28 1
28 11
29 1
29 11
30 2
30 12
30 21
31 2
31 12
31 21
32 2
32 12
32 21
33 2
33 12
33 21
34 2
34 12
34 21
35 2
35 12
35 21
36 2
36 12
36 21
37 2
37 12
37 21
38 3
38 13
38 22
38 30
39 3
39 13
39 22
39 30
40 3
40 13
40 22
40 30
41 3
41 13
41 22
41 30
42 3
42 13
42 22
42 30
43 3
43 13
43 22
43 30
44 3
44 13
44 22
44 30
45 4
45 14
45 23
45 31
45 38
46 4
46 14
46 23
46 31
46 38
47 4
47 14
47 23
47 31
47 38
48 4
48 14
48 23
48 31
48 38
49 4
49 14
49 23
49 31
49 38
50 4
50 14
50 23
50 31
50 38
51 5
51 15
51 24
51 32
51 39
51 45
52 5
52 15
52 24
52 32
52 39
52 45
53 5
53 15
53 24
53 32
53 39
53 45
54 5
54 15
54 24
54 32
54 39
54 45
55 5
55 15
55 24
55 32
55 39
55 45
56 6
56 16
56 25
56 33
56 40
56 46
56 51
57 6
57 16
57 25
57 33
57 40
57 46
57 51
58 6
58 16
58 25
58 33
58 40
58 46
58 51
59 6
59 16
59 25
59 33
59 40
59 46
59 51
60 7
60 17
60 26
60 34
60 41
60 47
60 52
60 56
61 7
61 17
61 26
61 34
61 41
61 47
61 52
61 56
62 7
62 17
62 26
62 34
62 41
62 47
62 52
62 56
63 8
63 18
63 27
63 35
63 42
63 48
63 53
63 57
63 60
64 8
64 18
64 27
64 35
64 42
64 48
64 53
64 57
64 60
65 9
65 19
65 28
65 36
65 43
65 49
65 54
65 58
65 61
65 63
0 1
0 2
0 3
0 4
0 5
0 6
0 7
0 8
0 9
0 10
1 0
1 2
1 3
1 4
1 5
1 6
1 7
1 8
1 9
1 10
2 0
2 1
2 3
2 4
2 5
2 6
2 7
2 8
2 9
2 10
3 0
3 1
3 2
3 4
3 5
3 6
3 7
3 8
3 9
3 10
4 0
4 1
4 2
4 3
4 5
4 6
4 7
4 8
4 9
4 10
5 0
5 1
5 2
5 3
5 4
5 6
5 7
5 8
5 9
5 10
6 0
6 1
6 2
6 3
6 4
6 5
6 7
6 8
6 9
6 10
7 0
7 1
7 2
7 3
7 4
7 5
7 6
7 8
7 9
7 10
8 0
8 1
8 2
8 3
8 4
8 5
8 6
8 7
8 9
8 10
9 0
9 1
9 2
9 3
9 4
9 5
9 6
9 7
9 8
9 10
10 0
10 1
10 2
10 3
10 4
10 5
10 6
10 7
10 8
10 9
11 12
11 13
11 14
11 15
11 16
11 17
11 18
11 19
11 20
12 11
12 13
12 14
12 15
12 16
12 17
12 18
12 19
12 20
13 11
13 12
13 14
13 15
13 16
13 17
13 18
13 19
13 20
14 11
14 12
14 13
14 15
14 16
14 17
14 18
14 19
14 20
15 11
15 12
15 13
15 14
15 16
15 17
15 18
15 19
15 20
16 11
16 12
16 13
16 14
16 15
16 17
16 18
16 19
16 20
17 11
17 12
17 13
17 14
17 15
17 16
17 18
17 19
17 20
18 11
18 12
18 13
18 14
18 15
18 16
18 17
18 19
18 20
19 11
19 12
19 13
19 14
19 15
19 16
19 17
19 18
19 20
20 11
20 12
20 13
20 14
20 15
20 16
20 17
20 18
20 19
21 22
21 23
21 24
21 25
21 26
21 27
21 28
21 29
22 21
22 23
22 24
22 25
22 26
22 27
22 28
22 29
23 21
23 22
23 24
23 25
23 26
23 27
23 28
23 29
24 21
24 22
24 23
24 25
24 26
24 27
24 28
24 29
25 21
25 22
25 23
25 24
25 26
25 27
25 28
25 29
26 21
26 22
26 23
26 24
26 25
26 27
26 28
26 29
27 21
27 22
27 23
27 24
27 25
27 26
27 28
27 29
28 21
28 22
28 23
28 24
28 25
28 26
28 27
28 29
29 21
29 22
29 23
29 24
29 25
29 26
29 27
29 28
30 31
30 32
30 33
30 34
30 35
30 36
30 37
31 30
31 32
31 33
31 34
31 35
31 36
31 37
32 30
32 31
32 33
32 34
32 35
32 36
32 37
33 30
33 31
33 32
33 34
33 35
33 36
33 37
34 30
34 31
34 32
34 33
34 35
34 36
34 37
35 30
35 31
35 32
35 33
35 34
35 36
35 37
36 30
36 31
36 32
36 33
36 34
36 35
36 37
37 30
37 31
37 32
37 33
37 34
37 35
37 36
38 39
38 40
38 41
38 42
38 43
38 44
39 38
39 40
39 41
39 42
39 43
39 44
40 38
40 39
40 41
40 42
40 43
40 44
41 38
41 39
41 40
41 42
41 43
41 44
42 38
42 39
42 40
42 41
42 43
42 44
43 38
43 39
43 40
43 41
43 42
43 44
44 38
44 39
44 40
44 41
44 42
44 43
45 46
45 47
45 48
45 49
45 50
46 45
46 47
46 48
46 49
46 50
47 45
47 46
47 48
47 49
47 50
48 45
48 46
48 47
48 49
48 50
49 45
49 46
49 47
49 48
49 50
50 45
50 46
50 47
50 48
50 49
51 52
51 53
51 54
51 55
52 51
52 53
52 54
52 55
53 51
53 52
53 54
53 55
54 51
54 52
54 53
54 55
55 51
55 52
55 53
55 54
56 57
56 58
56 59
57 56
57 58
57 59
58 56
58 57
58 59
59 56
59 57
59 58
60 61
60 62
61 60
61 62
62 60
62 61
63 64
64 63
1 11
11 1
2 12
2 21
12 2
12 21
21 2
21 12
3 13
3 22
3 30
13 3
13 22
13 30
22 3
22 13
22 30
30 3
30 13
30 22
4 14
4 23
4 31
4 38
14 4
14 23
14 31
14 38
23 4
23 14
23 31
23 38
31 4
31 14
31 23
31 38
38 4
38 14
38 23
38 31
5 15
5 24
5 32
5 39
5 45
15 5
15 24
15 32
15 39
15 45
24 5
24 15
24 32
24 39
24 45
32 5
32 15
32 24
32 39
32 45
39 5
39 15
39 24
39 32
39 45
45 5
45 15
45 24
45 32
45 39
6 16
6 25
6 33
6 40
6 46
6 51
16 6
16 25
16 33
16 40
16 46
16 51
25 6
25 16
25 33
25 40
25 46
25 51
33 6
33 16
33 25
33 40
33 46
33 51
40 6
40 16
40 25
40 33
40 46
40 51
46 6
46 16
46 25
46 33
46 40
46 51
51 6
51 16
51 25
51 33
51 40
51 46
7 17
7 26
7 34
7 41
7 47
7 52
7 56
17 7
17 26
17 34
17 41
17 47
17 52
17 56
26 7
26 17
26 34
26 41
26 47
26 52
26 56
34 7
34 17
34 26
34 41
34 47
34 52
34 56
41 7
41 17
41 26
41 34
41 47
41 52
41 56
47 7
47 17
47 26
47 34
47 41
47 52
47 56
52 7
52 17
52 26
52 34
52 41
52 47
52 56
56 7
56 17
56 26
56 34
56 41
56 47
56 52
8 18
8 27
8 35
8 42
8 48
8 53
8 57
8 60
18 8
18 27
18 35
18 42
18 48
18 53
18 57
18 60
27 8
27 18
27 35
27 42
27 48
27 53
27 57
27 60
35 8
35 18
35 27
35 42
35 48
35 53
35 57
35 60
42 8
42 18
42 27
42 35
42 48
42 53
42 57
42 60
48 8
48 18
48 27
48 35
48 42
48 53
48 57
48 60
53 8
53 18
53 27
53 35
53 42
53 48
53 57
53 60
57 8
57 18
57 27
57 35
57 42
57 48
57 53
57 60
60 8
60 18
60 27
60 35
60 42
60 48
60 53
60 57
9 19
9 28
9 36
9 43
9 49
9 54
9 58
9 61
9 63
19 9
19 28
19 36
19 43
19 49
19 54
19 58
19 61
19 63
28 9
28 19
28 36
28 43
28 49
28 54
28 58
28 61
28 63
36 9
36 19
36 28
36 43
36 49
36 54
36 58
36 61
36 63
43 9
43 19
43 28
43 36
43 49
43 54
43 58
43 61
43 63
49 9
49 19
49 28
49 36
49 43
49 54
49 58
49 61
49 63
54 9
54 19
54 28
54 36
54 43
54 49
54 58
54 61
54 63
58 9
58 19
58 28
58 36
58 43
58 49
58 54
58 61
58 63
61 9
61 19
61 28
61 36
61 43
61 49
61 54
61 58
61 63
63 9
63 19
63 28
63 36
63 43
63 49
63 54
63 58
63 61
10 20
10 29
10 37
10 44
10 50
10 55
10 59
10 62
10 64
10 65
20 10
20 29
20 37
20 44
20 50
20 55
20 59
20 62
20 64
20 65
29 10
29 20
29 37
29 44
29 50
29 55
29 59
29 62
29 64
29 65
37 10
37 20
37 29
37 44
37 50
37 55
37 59
37 62
37 64
37 65
44 10
44 20
44 29
44 37
44 50
44 55
44 59
44 62
44 64
44 65
50 10
50 20
50 29
50 37
50 44
50 55
50 59
50 62
50 64
50 65
55 10
55 20
55 29
55 37
55 44
55 50
55 59
55 62
55 64
55 65
59 10
59 20
59 29
59 37
59 44
59 50
59 55
59 62
59 64
59 65
62 10
62 20
62 29
62 37
62 44
62 50
62 55
62 59
62 64
62 65
64 10
64 20
64 29
64 37
64 44
64 50
64 55
64 59
64 62
64 65
65 10
65 20
65 29
65 37
65 44
65 50
65 55
65 59
65 62
65 64
0 77
77 0
0 78
78 0
0 79
79 0
0 80
80 0
0 81
81 0
0 82
82 0
0 83
83 0
0 84
84 0
0 85
85 0
0 86
86 0
1 87
87 1
1 88
88 1
1 89
89 1
1 90
90 1
1 91
91 1
1 92
92 1
1 93
93 1
1 94
94 1
1 95
95 1
11 87
87 11
11 88
88 11
11 89
89 11
11 90
90 11
11 91
91 11
11 92
92 11
11 93
93 11
11 94
94 11
11 95
95 11
2 96
96 2
2 97
97 2
2 98
98 2
2 99
99 2
2 100
100 2
2 101
101 2
2 102
102 2
2 103
103 2
12 96
96 12
12 97
97 12
12 98
98 12
12 99
99 12
12 100
100 12
12 101
101 12
12 102
102 12
12 103
103 12
21 96
96 21
21 97
97 21
21 98
98 21
21 99
99 21
21 100
100 21
21 101
101 21
21 102
102 21
21 103
103 21
3 104
104 3
3 105
105 3
3 106
106 3
3 107
107 3
3 108
108 3
3 109
109 3
3 110
110 3
13 104
104 13
13 105
105 13
13 106
106 13
13 107
107 13
13 108
108 13
13 109
109 13
13 110
110 13
22 104
104 22
22 105
105 22
22 106
106 22
22 107
107 22
22 108
108 22
22 109
109 22
22 110
110 22
30 104
104 30
30 105
105 30
30 106
106 30
30 107
107 30
30 108
108 30
30 109
109 30
30 110
110 30
4 111
111 4
4 112
112 4
4 113
113 4
4 114
114 4
4 115
115 4
4 116
116 4
14 111
111 14
14 112
112 14
14 113
113 14
14 114
114 14
14 115
115 14
14 116
116 14
23 111
111 23
23 112
112 23
23 113
113 23
23 114
114 23
23 115
115 23
23 116
116 23
31 111
111 31
31 112
112 31
31 113
113 31
31 114
114 31
31 115
115 31
31 116
116 31
38 111
111 38
38 112
112 38
38 113
113 38
38 114
114 38
38 115
115 38
38 116
116 38
5 117
117 5
5 118
118 5
5 119
119 5
5 120
120 5
5 121
121 5
15 117
117 15
15 118
118 15
15 119
119 15
15 120
120 15
15 121
121 15
24 117
117 24
24 118
118 24
24 119
119 24
24 120
120 24
24 121
121 24
32 117
117 32
32 118
118 32
32 119
119 32
32 120
120 32
32 121
121 32
39 117
117 39
39 118
118 39
39 119
119 39
39 120
120 39
39 121
121 39
45 117
117 45
45 118
118 45
45 119
119 45
45 120
120 45
45 121
121 45
6 122
122 6
6 123
123 6
6 124
124 6
6 125
125 6
16 122
122 16
16 123
123 16
16 124
124 16
16 125
125 16
25 122
122 25
25 123
123 25
25 124
124 25
25 125
125 25
33 122
122 33
33 123
123 33
33 124
124 33
33 125
125 33
40 122
122 40
40 123
123 40
40 124
124 40
40 125
125 40
46 122
122 46
46 123
123 46
46 124
124 46
46 125
125 46
51 122
122 51
51 123
123 51
51 124
124 51
51 125
125 51
7 126
126 7
7 127
127 7
7 128
128 7
17 126
126 17
17 127
127 17
17 128
128 17
26 126
126 26
26 127
127 26
26 128
128 26
34 126
126 34
34 127
127 34
34 128
128 34
41 126
126 41
41 127
127 41
41 128
128 41
47 126
126 47
47 127
127 47
47 128
128 47
52 126
126 52
52 127
127 52
52 128
128 52
56 126
126 56
56 127
127 56
56 128
128 56
8 129
129 8
8 130
130 8
18 129
129 18
18 130
130 18
27 129
129 27
27 130
130 27
35 129
129 35
35 130
130 35
42 129
129 42
42 130
130 42
48 129
129 48
48 130
130 48
53 129
129 53
53 130
130 53
57 129
129 57
57 130
130 57
60 129
129 60
60 130
130 60
9 131
131 9
19 131
131 19
28 131
131 28
36 131
131 36
43 131
131 43
49 131
131 49
54 131
131 54
58 131
131 58
61 131
131 61
63 131
131 63
11 66
66 11
12 66
66 12
13 66
66 13
14 66
66 14
15 66
66 15
16 66
66 16
17 66
66 17
18 66
66 18
19 66
66 19
20 66
66 20
21 67
67 21
21 77
77 21
22 67
67 22
22 77
77 22
23 67
67 23
23 77
77 23
24 67
67 24
24 77
77 24
25 67
67 25
25 77
77 25
26 67
67 26
26 77
77 26
27 67
67 27
27 77
77 27
28 67
67 28
28 77
77 28
29 67
67 29
29 77
77 29
30 68
68 30
30 78
78 30
30 87
87 30
31 68
68 31
31 78
78 31
31 87
87 31
32 68
68 32
32 78
78 32
32 87
87 32
33 68
68 33
33 78
78 33
33 87
87 33
34 68
68 34
34 78
78 34
34 87
87 34
35 68
68 35
35 78
78 35
35 87
87 35
36 68
68 36
36 78
78 36
36 87
87 36
37 68
68 37
37 78
78 37
37 87
87 37
38 69
69 38
38 79
79 38
38 88
88 38
38 96
96 38
39 69
69 39
39 79
79 39
39 88
88 39
39 96
96 39
40 69
69 40
40 79
79 40
40 88
88 40
40 96
96 40
41 69
69 41
41 79
79 41
41 88
88 41
41 96
96 41
42 69
69 42
42 79
79 42
42 88
88 42
42 96
96 42
43 69
69 43
43 79
79 43
43 88
88 43
43 96
96 43
44 69
69 44
44 79
79 44
44 88
88 44
44 96
96 44
45 70
70 45
45 80
80 45
45 89
89 45
45 97
97 45
45 104
104 45
46 70
70 46
46 80
80 46
46 89
89 46
46 97
97 46
46 104
104 46
47 70
70 47
47 80
80 47
47 89
89 47
47 97
97 47
47 104
104 47
48 70
70 48
48 80
80 48
48 89
89 48
48 97
97 48
48 104
104 48
49 70
70 49
49 80
80 49
49 89
89 49
49 97
97 49
49 104
104 49
50 70
70 50
50 80
80 50
50 89
89 50
50 97
97 50
50 104
104 50
51 71
71 51
51 81
81 51
51 90
90 51
51 98
98 51
51 105
105 51
51 111
111 51
52 71
71 52
52 81
81 52
52 90
90 52
52 98
98 52
52 105
105 52
52 111
111 52
53 71
71 53
53 81
81 53
53 90
90 53
53 98
98 53
53 105
105 53
53 111
111 53
54 71
71 54
54 81
81 54
54 90
90 54
54 98
98 54
54 105
105 54
54 111
111 54
55 71
71 55
55 81
81 55
55 90
90 55
55 98
98 55
55 105
105 55
55 111
111 55
56 72
72 56
56 82
82 56
56 91
91 56
56 99
99 56
56 106
106 56
56 112
112 56
56 117
117 56
57 72
72 57
57 82
82 57
57 91
91 57
57 99
99 57
57 106
106 57
57 112
112 57
57 117
117 57
58 72
72 58
58 82
82 58
58 91
91 58
58 99
99 58
58 106
106 58
58 112
112 58
58 117
117 58
59 72
72 59
59 82
82 59
59 91
91 59
59 99
99 59
59 106
106 59
59 112
112 59
59 117
117 59
60 73
73 60
60 83
83 60
60 92
92 60
60 100
100 60
60 107
107 60
60 113
113 60
60 118
118 60
60 122
122 60
61 73
73 61
61 83
83 61
61 92
92 61
61 100
100 61
61 107
107 61
61 113
113 61
61 118
118 61
61 122
122 61
62 73
73 62
62 83
83 62
62 92
92 62
62 100
100 62
62 107
107 62
62 113
113 62
62 118
118 62
62 122
122 62
63 74
74 63
63 84
84 63
63 93
93 63
63 101
101 63
63 108
108 63
63 114
114 63
63 119
119 63
63 123
123 63
63 126
126 63
64 74
74 64
64 84
84 64
64 93
93 64
64 101
101 64
64 108
108 64
64 114
114 64
64 119
119 64
64 123
123 64
64 126
126 64
65 75
75 65
65 85
85 65
65 94
94 65
65 102
102 65
65 109
109 65
65 115
115 65
65 120
120 65
65 124
124 65
65 127
127 65
65 129
129 65
0 67
67 0
0 68
68 0
0 69
69 0
0 70
70 0
0 71
71 0
0 72
72 0
0 73
73 0
0 74
74 0
0 75
75 0
0 76
76 0
1 66
66 1
1 68
68 1
1 69
69 1
1 70
70 1
1 71
71 1
1 72
72 1
1 73
73 1
1 74
74 1
1 75
75 1
1 76
76 1
2 66
66 2
2 67
67 2
2 69
69 2
2 70
70 2
2 71
71 2
2 72
72 2
2 73
73 2
2 74
74 2
2 75
75 2
2 76
76 2
3 66
66 3
3 67
67 3
3 68
68 3
3 70
70 3
3 71
71 3
3 72
72 3
3 73
73 3
3 74
74 3
3 75
75 3
3 76
76 3
4 66
66 4
4 67
67 4
4 68
68 4
4 69
69 4
4 71
71 4
4 72
72 4
4 73
73 4
4 74
74 4
4 75
75 4
4 76
76 4
5 66
66 5
5 67
67 5
5 68
68 5
5 69
69 5
5 70
70 5
5 72
72 5
5 73
73 5
5 74
74 5
5 75
75 5
5 76
76 5
6 66
66 6
6 67
67 6
6 68
68 6
6 69
69 6
6 70
70 6
6 71
71 6
6 73
73 6
6 74
74 6
6 75
75 6
6 76
76 6
7 66
66 7
7 67
67 7
7 68
68 7
7 69
69 7
7 70
70 7
7 71
71 7
7 72
72 7
7 74
74 7
7 75
75 7
7 76
76 7
8 66
66 8
8 67
67 8
8 68
68 8
8 69
69 8
8 70
70 8
8 71
71 8
8 72
72 8
8 73
73 8
8 75
75 8
8 76
76 8
9 66
66 9
9 67
67 9
9 68
68 9
9 69
69 9
9 70
70 9
9 71
71 9
9 72
72 9
9 73
73 9
9 74
74 9
9 76
76 9
10 66
66 10
10 67
67 10
10 68
68 10
10 69
69 10
10 70
70 10
10 71
71 10
10 72
72 10
10 73
73 10
10 74
74 10
10 75
75 10
11 78
78 11
11 79
79 11
11 80
80 11
11 81
81 11
11 82
82 11
11 83
83 11
11 84
84 11
11 85
85 11
11 86
86 11
12 77
77 12
12 79
79 12
12 80
80 12
12 81
81 12
12 82
82 12
12 83
83 12
12 84
84 12
12 85
85 12
12 86
86 12
13 77
77 13
13 78
78 13
13 80
80 13
13 81
81 13
13 82
82 13
13 83
83 13
13 84
84 13
13 85
85 13
13 86
86 13
14 77
77 14
14 78
78 14
14 79
79 14
14 81
81 14
14 82
82 14
14 83
83 14
14 84
84 14
14 85
85 14
14 86
86 14
15 77
77 15
15 78
78 15
15 79
79 15
15 80
80 15
15 82
82 15
15 83
83 15
15 84
84 15
15 85
85 15
15 86
86 15
16 77
77 16
16 78
78 16
16 79
79 16
16 80
80 16
16 81
81 16
16 83
83 16
16 84
84 16
16 85
85 16
16 86
86 16
17 77
77 17
17 78
78 17
17 79
79 17
17 80
80 17
17 81
81 17
17 82
82 17
17 84
84 17
17 85
85 17
17 86
86 17
18 77
77 18
18 78
78 18
18 79
79 18
18 80
80 18
18 81
81 18
18 82
82 18
18 83
83 18
18 85
85 18
18 86
86 18
19 77
77 19
19 78
78 19
19 79
79 19
19 80
80 19
19 81
81 19
19 82
82 19
19 83
83 19
19 84
84 19
19 86
86 19
20 77
77 20
20 78
78 20
20 79
79 20
20 80
80 20
20 81
81 20
20 82
82 20
20 83
83 20
20 84
84 20
20 85
85 20
21 88
88 21
21 89
89 21
21 90
90 21
21 91
91 21
21 92
92 21
21 93
93 21
21 94
94 21
21 95
95 21
22 87
87 22
22 89
89 22
22 90
90 22
22 91
91 22
22 92
92 22
22 93
93 22
22 94
94 22
22 95
95 22
23 87
87 23
23 88
88 23
23 90
90 23
23 91
91 23
23 92
92 23
23 93
93 23
23 94
94 23
23 95
95 23
24 87
87 24
24 88
88 24
24 89
89 24
24 91
91 24
24 92
92 24
24 93
93 24
24 94
94 24
24 95
95 24
25 87
87 25
25 88
88 25
25 89
89 25
25 90
90 25
25 92
92 25
25 93
93 25
25 94
94 25
25 95
95 25
26 87
87 26
26 88
88 26
26 89
89 26
26 90
90 26
26 91
91 26
26 93
93 26
26 94
94 26
26 95
95 26
27 87
87 27
27 88
88 27
27 89
89 27
27 90
90 27
27 91
91 27
27 92
92 27
27 94
94 27
27 95
95 27
28 87
87 28
28 88
88 28
28 89
89 28
28 90
90 28
28 91
91 28
28 92
92 28
28 93
93 28
28 95
95 28
29 87
87 29
29 88
88 29
29 89
89 29
29 90
90 29
29 91
91 29
29 92
92 29
29 93
93 29
29 94
94 29
30 97
97 30
30 98
98 30
30 99
99 30
30 100
100 30
30 101
101 30
30 102
102 30
30 103
103 30
31 96
96 31
31 98
98 31
31 99
99 31
31 100
100 31
31 101
101 31
31 102
102 31
31 103
103 31
32 96
96 32
32 97
97 32
32 99
99 32
32 100
100 32
32 101
101 32
32 102
102 32
32 103
103 32
33 96
96 33
33 97
97 33
33 98
98 33
33 100
100 33
33 101
101 33
33 102
102 33
33 103
103 33
34 96
96 34
34 97
97 34
34 98
98 34
34 99
99 34
34 101
101 34
34 102
102 34
34 103
103 34
35 96
96 35
35 97
97 35
35 98
98 35
35 99
99 35
35 100
100 35
35 102
102 35
35 103
103 35
36 96
96 36
36 97
97 36
36 98
98 36
36 99
99 36
36 100
100 36
36 101
101 36
36 103
103 36
37 96
96 37
37 97
97 37
37 98
98 37
37 99
99 37
37 100
100 37
37 101
101 37
37 102
102 37
38 105
105 38
38 106
106 38
38 107
107 38
38 108
108 38
38 109
109 38
38 110
110 38
39 104
104 39
39 106
106 39
39 107
107 39
39 108
108 39
39 109
109 39
39 110
110 39
40 104
104 40
40 105
105 40
40 107
107 40
40 108
108 40
40 109
109 40
40 110
110 40
41 104
104 41
41 105
105 41
41 106
106 41
41 108
108 41
41 109
109 41
41 110
110 41
42 104
104 42
42 105
105 42
42 106
106 42
42 107
107 42
42 109
109 42
42 110
110 42
43 104
104 43
43 105
105 43
43 106
106 43
43 107
107 43
43 108
108 43
43 110
110 43
44 104
104 44
44 105
105 44
44 106
106 44
44 107
107 44
44 108
108 44
44 109
109 44
45 112
112 45
45 113
113 45
45 114
114 45
45 115
115 45
45 116
116 45
46 111
111 46
46 113
113 46
46 114
114 46
46 115
115 46
46 116
116 46
47 111
111 47
47 112
112 47
47 114
114 47
47 115
115 47
47 116
116 47
48 111
111 48
48 112
112 48
48 113
113 48
48 115
115 48
48 116
116 48
49 111
111 49
49 112
112 49
49 113
113 49
49 114
114 49
49 116
116 49
50 111
111 50
50 112
112 50
50 113
113 50
50 114
114 50
50 115
115 50
51 118
118 51
51 119
119 51
51 120
120 51
51 121
121 51
52 117
117 52
52 119
119 52
52 120
120 52
52 121
121 52
53 117
117 53
53 118
118 53
53 120
120 53
53 121
121 53
54 117
117 54
54 118
118 54
54 119
119 54
54 121
121 54
55 117
117 55
55 118
118 55
55 119
119 55
55 120
120 55
56 123
123 56
56 124
124 56
56 125
125 56
57 122
122 57
57 124
124 57
57 125
125 57
58 122
122 58
58 123
123 58
58 125
125 58
59 122
122 59
59 123
123 59
59 124
124 59
60 127
127 60
60 128
128 60
61 126
126 61
61 128
128 61
62 126
126 62
62 127
127 62
63 130
130 63
64 129
129 64
1 77
77 1
11 67
67 11
2 78
78 2
2 87
87 2
12 68
68 12
12 87
87 12
21 68
68 21
21 78
78 21
3 79
79 3
3 88
88 3
3 96
96 3
13 69
69 13
13 88
88 13
13 96
96 13
22 69
69 22
22 79
79 22
22 96
96 22
30 69
69 30
30 79
79 30
30 88
88 30
4 80
80 4
4 89
89 4
4 97
97 4
4 104
104 4
14 70
70 14
14 89
89 14
14 97
97 14
14 104
104 14
23 70
70 23
23 80
80 23
23 97
97 23
23 104
104 23
31 70
70 31
31 80
80 31
31 89
89 31
31 104
104 31
38 70
70 38
38 80
80 38
38 89
89 38
38 97
97 38
5 81
81 5
5 90
90 5
5 98
98 5
5 105
105 5
5 111
111 5
15 71
71 15
15 90
90 15
15 98
98 15
15 105
105 15
15 111
111 15
24 71
71 24
24 81
81 24
24 98
98 24
24 105
105 24
24 111
111 24
32 71
71 32
32 81
81 32
32 90
90 32
32 105
105 32
32 111
111 32
39 71
71 39
39 81
81 39
39 90
90 39
39 98
98 39
39 111
111 39
45 71
71 45
45 81
81 45
45 90
90 45
45 98
98 45
45 105
105 45
6 82
82 6
6 91
91 6
6 99
99 6
6 106
106 6
6 112
112 6
6 117
117 6
16 72
72 16
16 91
91 16
16 99
99 16
16 106
106 16
16 112
112 16
16 117
117 16
25 72
72 25
25 82
82 25
25 99
99 25
25 106
106 25
25 112
112 25
25 117
117 25
33 72
72 33
33 82
82 33
33 91
91 33
33 106
106 33
33 112
112 33
33 117
117 33
40 72
72 40
40 82
82 40
40 91
91 40
40 99
99 40
40 112
112 40
40 117
117 40
46 72
72 46
46 82
82 46
46 91
91 46
46 99
99 46
46 106
106 46
46 117
117 46
51 72
72 51
51 82
82 51
51 91
91 51
51 99
99 51
51 106
106 51
51 112
112 51
7 83
83 7
7 92
92 7
7 100
100 7
7 107
107 7
7 113
113 7
7 118
118 7
7 122
122 7
17 73
73 17
17 92
92 17
17 100
100 17
17 107
107 17
17 113
113 17
17 118
118 17
17 122
122 17
26 73
73 26
26 83
83 26
26 100
100 26
26 107
107 26
26 113
113 26
26 118
118 26
26 122
122 26
34 73
73 34
34 83
83 34
34 92
92 34
34 107
107 34
34 113
113 34
34 118
118 34
34 122
122 34
41 73
73 41
41 83
83 41
41 92
92 41
41 100
100 41
41 113
113 41
41 118
118 41
41 122
122 41
47 73
73 47
47 83
83 47
47 92
92 47
47 100
100 47
47 107
107 47
47 118
118 47
47 122
122 47
52 73
73 52
52 83
83 52
52 92
92 52
52 100
100 52
52 107
107 52
52 113
113 52
52 122
122 52
56 73
73 56
56 83
83 56
56 92
92 56
56 100
100 56
56 107
107 56
56 113
113 56
56 118
118 56
8 84
84 8
8 93
93 8
8 101
101 8
8 108
108 8
8 114
114 8
8 119
119 8
8 123
123 8
8 126
126 8
18 74
74 18
18 93
93 18
18 101
101 18
18 108
108 18
18 114
114 18
18 119
119 18
18 123
123 18
18 126
126 18
27 74
74 27
27 84
84 27
27 101
101 27
27 108
108 27
27 114
114 27
27 119
119 27
27 123
123 27
27 126
126 27
35 74
74 35
35 84
84 35
35 93
93 35
35 108
108 35
35 114
114 35
35 119
119 35
35 123
123 35
35 126
126 35
42 74
74 42
42 84
84 42
42 93
93 42
42 101
101 42
42 114
114 42
42 119
119 42
42 123
123 42
42 126
126 42
48 74
74 48
48 84
84 48
48 93
93 48
48 101
101 48
48 108
108 48
48 119
119 48
48 123
123 48
48 126
126 48
53 74
74 53
53 84
84 53
53 93
93 53
53 101
101 53
53 108
108 53
53 114
114 53
53 123
123 53
53 126
126 53
57 74
74 57
57 84
84 57
57 93
93 57
57 101
101 57
57 108
108 57
57 114
114 57
57 119
119 57
57 126
126 57
60 74
74 60
60 84
84 60
60 93
93 60
60 101
101 60
60 108
108 60
60 114
114 60
60 119
119 60
60 123
123 60
9 85
85 9
9 94
94 9
9 102
102 9
9 109
109 9
9 115
115 9
9 120
120 9
9 124
124 9
9 127
127 9
9 129
129 9
19 75
75 19
19 94
94 19
19 102
102 19
19 109
109 19
19 115
115 19
19 120
120 19
19 124
124 19
19 127
127 19
19 129
129 19
28 75
75 28
28 85
85 28
28 102
102 28
28 109
109 28
28 115
115 28
28 120
120 28
28 124
124 28
28 127
127 28
28 129
129 28
36 75
75 36
36 85
85 36
36 94
94 36
36 109
109 36
36 115
115 36
36 120
120 36
36 124
124 36
36 127
127 36
36 129
129 36
43 75
75 43
43 85
85 43
43 94
94 43
43 102
102 43
43 115
115 43
43 120
120 43
43 124
124 43
43 127
127 43
43 129
129 43
49 75
75 49
49 85
85 49
49 94
94 49
49 102
102 49
49 109
109 49
49 120
120 49
49 124
124 49
49 127
127 49
49 129
129 49
54 75
75 54
54 85
85 54
54 94
94 54
54 102
102 54
54 109
109 54
54 115
115 54
54 124
124 54
54 127
127 54
54 129
129 54
58 75
75 58
58 85
85 58
58 94
94 58
58 102
102 58
58 109
109 58
58 115
115 58
58 120
120 58
58 127
127 58
58 129
129 58
61 75
75 61
61 85
85 61
61 94
94 61
61 102
102 61
61 109
109 61
61 115
115 61
61 120
120 61
61 124
124 61
61 129
129 61
63 75
75 63
63 85
85 63
63 94
94 63
63 102
102 63
63 109
109 63
63 115
115 63
63 120
120 63
63 124
124 63
63 127
127 63
10 86
86 10
10 95
95 10
10 103
103 10
10 110
110 10
10 116
116 10
10 121
121 10
10 125
125 10
10 128
128 10
10 130
130 10
10 131
131 10
20 76
76 20
20 95
95 20
20 103
103 20
20 110
110 20
20 116
116 20
20 121
121 20
20 125
125 20
20 128
128 20
20 130
130 20
20 131
131 20
29 76
76 29
29 86
86 29
29 103
103 29
29 110
110 29
29 116
116 29
29 121
121 29
29 125
125 29
29 128
128 29
29 130
130 29
29 131
131 29
37 76
76 37
37 86
86 37
37 95
95 37
37 110
110 37
37 116
116 37
37 121
121 37
37 125
125 37
37 128
128 37
37 130
130 37
37 131
131 37
44 76
76 44
44 86
86 44
44 95
95 44
44 103
103 44
44 116
116 44
44 121
121 44
44 125
125 44
44 128
128 44
44 130
130 44
44 131
131 44
50 76
76 50
50 86
86 50
50 95
95 50
50 103
103 50
50 110
110 50
50 121
121 50
50 125
125 50
50 128
128 50
50 130
130 50
50 131
131 50
55 76
76 55
55 86
86 55
55 95
95 55
55 103
103 55
55 110
110 55
55 116
116 55
55 125
125 55
55 128
128 55
55 130
130 55
55 131
131 55
59 76
76 59
59 86
86 59
59 95
95 59
59 103
103 59
59 110
110 59
59 116
116 59
59 121
121 59
59 128
128 59
59 130
130 59
59 131
131 59
62 76
76 62
62 86
86 62
62 95
95 62
62 103
103 62
62 110
110 62
62 116
116 62
62 121
121 62
62 125
125 62
62 130
130 62
62 131
131 62
64 76
76 64
64 86
86 64
64 95
95 64
64 103
103 64
64 110
110 64
64 116
116 64
64 121
121 64
64 125
125 64
64 128
128 64
64 131
131 64
65 76
76 65
65 86
86 65
65 95
95 65
65 103
103 65
65 110
110 65
65 116
116 65
65 121
121 65
65 125
125 65
65 128
128 65
65 130
130 65
0 66
66 0
1 67
67 1
2 68
68 2
3 69
69 3
4 70
70 4
5 71
71 5
6 72
72 6
7 73
73 7
8 74
74 8
9 75
75 9
10 76
76 10
11 77
77 11
12 78
78 12
13 79
79 13
14 80
80 14
15 81
81 15
16 82
82 16
17 83
83 17
18 84
84 18
19 85
85 19
20 86
86 20
21 87
87 21
22 88
88 22
23 89
89 23
24 90
90 24
25 91
91 25
26 92
92 26
27 93
93 27
28 94
94 28
29 95
95 29
30 96
96 30
31 97
97 31
32 98
98 32
33 99
99 33
34 100
100 34
35 101
101 35
36 102
102 36
37 103
103 37
38 104
104 38
39 105
105 39
40 106
106 40
41 107
107 41
42 108
108 42
43 109
109 43
44 110
110 44
45 111
111 45
46 112
112 46
47 113
113 47
48 114
114 48
49 115
115 49
50 116
116 50
51 117
117 51
52 118
118 52
53 119
119 53
54 120
120 54
55 121
121 55
56 122
122 56
57 123
123 57
58 124
124 58
59 125
125 59
60 126
126 60
61 127
127 61
62 128
128 62
63 129
129 63
64 130
130 64
65 131
131 65
0 132
132 0
1 132
132 1
2 132
132 2
3 132
132 3
4 132
132 4
5 132
132 5
6 132
132 6
7 132
132 7
8 132
132 8
9 132
132 9
10 132
132 10
11 132
132 11
12 132
132 12
13 132
132 13
14 132
132 14
15 132
132 15
16 132
132 16
17 132
132 17
18 132
132 18
19 132
132 19
20 132
132 20
1 133
133 1
11 133
133 11
2 133
133 2
3 133
133 3
4 133
133 4
5 133
133 5
6 133
133 6
7 133
133 7
8 133
133 8
9 133
133 9
10 133
133 10
12 133
133 12
13 133
133 13
14 133
133 14
15 133
133 15
16 133
133 16
17 133
133 17
18 133
133 18
19 133
133 19
20 133
133 20
21 133
133 21
22 133
133 22
23 133
133 23
24 133
133 24
25 133
133 25
26 133
133 26
27 133
133 27
28 133
133 28
29 133
133 29
2 134
134 2
12 134
134 12
21 134
134 21
3 134
134 3
4 134
134 4
5 134
134 5
6 134
134 6
7 134
134 7
8 134
134 8
9 134
134 9
10 134
134 10
13 134
134 13
14 134
134 14
15 134
134 15
16 134
134 16
17 134
134 17
18 134
134 18
19 134
134 19
20 134
134 20
22 134
134 22
23 134
134 23
24 134
134 24
25 134
134 25
26 134
134 26
27 134
134 27
28 134
134 28
29 134
134 29
30 134
134 30
31 134
134 31
32 134
134 32
33 134
134 33
34 134
134 34
35 134
134 35
36 134
134 36
37 134
134 37
3 135
135 3
13 135
135 13
22 135
135 22
30 135
135 30
4 135
135 4
5 135
135 5
6 135
135 6
7 135
135 7
8 135
135 8
9 135
135 9
10 135
135 10
14 135
135 14
15 135
135 15
16 135
135 16
17 135
135 17
18 135
135 18
19 135
135 19
20 135
135 20
23 135
135 23
24 135
135 24
25 135
135 25
26 135
135 26
27 135
135 27
28 135
135 28
29 135
135 29
31 135
135 31
32 135
135 32
33 135
135 33
34 135
135 34
35 135
135 35
36 135
135 36
37 135
135 37
38 135
135 38
39 135
135 39
40 135
135 40
41 135
135 41
42 135
135 42
43 135
135 43
44 135
135 44
4 136
136 4
14 136
136 14
23 136
136 23
31 136
136 31
38 136
136 38
5 136
136 5
6 136
136 6
7 136
136 7
8 136
136 8
9 136
136 9
10 136
136 10
15 136
136 15
16 136
136 16
17 136
136 17
18 136
136 18
19 136
136 19
20 136
136 20
24 136
136 24
25 136
136 25
26 136
136 26
27 136
136 27
28 136
136 28
29 136
136 29
32 136
136 32
33 136
136 33
34 136
136 34
35 136
136 35
36 136
136 36
37 136
136 37
39 136
136 39
40 136
136 40
41 136
136 41
42 136
136 42
43 136
136 43
44 136
136 44
45 136
136 45
46 136
136 46
47 136
136 47
48 136
136 48
49 136
136 49
50 136
136 50
5 137
137 5
15 137
137 15
24 137
137 24
32 137
137 32
39 137
137 39
45 137
137 45
6 137
137 6
7 137
137 7
8 137
137 8
9 137
137 9
10 137
137 10
16 137
137 16
17 137
137 17
18 137
137 18
19 137
137 19
20 137
137 20
25 137
137 25
26 137
137 26
27 137
137 27
28 137
137 28
29 137
137 29
33 137
137 33
34 137
137 34
35 137
137 35
36 137
137 36
37 137
137 37
40 137
137 40
41 137
137 41
42 137
137 42
43 137
137 43
44 137
137 44
46 137
137 46
47 137
137 47
48 137
137 48
49 137
137 49
50 137
137 50
51 137
137 51
52 137
137 52
53 137
137 53
54 137
137 54
55 137
137 55
6 138
138 6
16 138
138 16
25 138
138 25
33 138
138 33
40 138
138 40
46 138
138 46
51 138
138 51
7 138
138 7
8 138
138 8
9 138
138 9
10 138
138 10
17 138
138 17
18 138
138 18
19 138
138 19
20 138
138 20
26 138
138 26
27 138
138 27
28 138
138 28
29 138
138 29
34 138
138 34
35 138
138 35
36 138
138 36
37 138
138 37
41 138
138 41
42 138
138 42
43 138
138 43
44 138
138 44
47 138
138 47
48 138
138 48
49 138
138 49
50 138
138 50
52 138
138 52
53 138
138 53
54 138
138 54
55 138
138 55
56 138
138 56
57 138
138 57
58 138
138 58
59 138
138 59
7 139
139 7
17 139
139 17
26 139
139 26
34 139
139 34
41 139
139 41
47 139
139 47
52 139
139 52
56 139
139 56
8 139
139 8
9 139
139 9
10 139
139 10
18 139
139 18
19 139
139 19
20 139
139 20
27 139
139 27
28 139
139 28
29 139
139 29
35 139
139 35
36 139
139 36
37 139
139 37
42 139
139 42
43 139
139 43
44 139
139 44
48 139
139 48
49 139
139 49
50 139
139 50
53 139
139 53
54 139
139 54
55 139
139 55
57 139
139 57
58 139
139 58
59 139
139 59
60 139
139 60
61 139
139 61
62 139
139 62
8 140
140 8
18 140
140 18
27 140
140 27
35 140
140 35
42 140
140 42
48 140
140 48
53 140
140 53
57 140
140 57
60 140
140 60
9 140
140 9
10 140
140 10
19 140
140 19
20 140
140 20
28 140
140 28
29 140
140 29
36 140
140 36
37 140
140 37
43 140
140 43
44 140
140 44
49 140
140 49
50 140
140 50
54 140
140 54
55 140
140 55
58 140
140 58
59 140
140 59
61 140
140 61
62 140
140 62
63 140
140 63
64 140
140 64
9 141
141 9
19 141
141 19
28 141
141 28
36 141
141 36
43 141
141 43
49 141
141 49
54 141
141 54
58 141
141 58
61 141
141 61
63 141
141 63
10 141
141 10
20 141
141 20
29 141
141 29
37 141
141 37
44 141
141 44
50 141
141 50
55 141
141 55
59 141
141 59
62 141
141 62
64 141
141 64
65 141
141 65
10 142
142 10
20 142
142 20
29 142
142 29
37 142
142 37
44 142
142 44
50 142
142 50
55 142
142 55
59 142
142 59
62 142
142 62
64 142
142 64
65 142
142 65
66 77
66 78
66 79
66 80
66 81
66 82
66 83
66 84
66 85
66 86
67 87
67 88
67 89
67 90
67 91
67 92
67 93
67 94
67 95
77 87
77 88
77 89
77 90
77 91
77 92
77 93
77 94
77 95
68 96
68 97
68 98
68 99
68 100
68 101
68 102
68 103
78 96
78 97
78 98
78 99
78 100
78 101
78 102
78 103
87 96
87 97
87 98
87 99
87 100
87 101
87 102
87 103
69 104
69 105
69 106
69 107
69 108
69 109
69 110
79 104
79 105
79 106
79 107
79 108
79 109
79 110
88 104
88 105
88 106
88 107
88 108
88 109
88 110
96 104
96 105
96 106
96 107
96 108
96 109
96 110
70 111
70 112
70 113
70 114
70 115
70 116
80 111
80 112
80 113
80 114
80 115
80 116
89 111
89 112
89 113
89 114
89 115
89 116
97 111
97 112
97 113
97 114
97 115
97 116
104 111
104 112
104 113
104 114
104 115
104 116
71 117
71 118
71 119
71 120
71 121
81 117
81 118
81 119
81 120
81 121
90 117
90 118
90 119
90 120
90 121
98 117
98 118
98 119
98 120
98 121
105 117
105 118
105 119
105 120
105 121
111 117
111 118
111 119
111 120
111 121
72 122
72 123
72 124
72 125
82 122
82 123
82 124
82 125
91 122
91 123
91 124
91 125
99 122
99 123
99 124
99 125
106 122
106 123
106 124
106 125
112 122
112 123
112 124
112 125
117 122
117 123
117 124
117 125
73 126
73 127
73 128
83 126
83 127
83 128
92 126
92 127
92 128
100 126
100 127
100 128
107 126
107 127
107 128
113 126
113 127
113 128
118 126
118 127
118 128
122 126
122 127
122 128
74 129
74 130
84 129
84 130
93 129
93 130
101 129
101 130
108 129
108 130
114 129
114 130
119 129
119 130
123 129
123 130
126 129
126 130
75 131
85 131
94 131
102 131
109 131
115 131
120 131
124 131
127 131
129 131
77 66
78 66
79 66
80 66
81 66
82 66
83 66
84 66
85 66
86 66
87 67
87 77
88 67
88 77
89 67
89 77
90 67
90 77
91 67
91 77
92 67
92 77
93 67
93 77
94 67
94 77
95 67
95 77
96 68
96 78
96 87
97 68
97 78
97 87
98 68
98 78
98 87
99 68
99 78
99 87
100 68
100 78
100 87
101 68
101 78
101 87
102 68
102 78
102 87
103 68
103 78
103 87
104 69
104 79
104 88
104 96
105 69
105 79
105 88
105 96
106 69
106 79
106 88
106 96
107 69
107 79
107 88
107 96
108 69
108 79
108 88
108 96
109 69
109 79
109 88
109 96
110 69
110 79
110 88
110 96
111 70
111 80
111 89
111 97
111 104
112 70
112 80
112 89
112 97
112 104
113 70
113 80
113 89
113 97
113 104
114 70
114 80
114 89
114 97
114 104
115 70
115 80
115 89
115 97
115 104
116 70
116 80
116 89
116 97
116 104
117 71
117 81
117 90
117 98
117 105
117 111
118 71
118 81
118 90
118 98
118 105
118 111
119 71
119 81
119 90
119 98
119 105
119 111
120 71
120 81
120 90
120 98
120 105
120 111
121 71
121 81
121 90
121 98
121 105
121 111
122 72
122 82
122 91
122 99
122 106
122 112
122 117
123 72
123 82
123 91
123 99
123 106
123 112
123 117
124 72
124 82
124 91
124 99
124 106
124 112
124 117
125 72
125 82
125 91
125 99
125 106
125 112
125 117
126 73
126 83
126 92
126 100
126 107
126 113
126 118
126 122
127 73
127 83
127 92
127 100
127 107
127 113
127 118
127 122
128 73
128 83
128 92
128 100
128 107
128 113
128 118
128 122
129 74
129 84
129 93
129 101
129 108
129 114
129 119
129 123
129 126
130 74
130 84
130 93
130 101
130 108
130 114
130 119
130 123
130 126
131 75
131 85
131 94
131 102
131 109
131 115
131 120
131 124
131 127
131 129
66 67
66 68
66 69
66 70
66 71
66 72
66 73
66 74
66 75
66 76
67 66
67 68
67 69
67 70
67 71
67 72
67 73
67 74
67 75
67 76
68 66
68 67
68 69
68 70
68 71
68 72
68 73
68 74
68 75
68 76
69 66
69 67
69 68
69 70
69 71
69 72
69 73
69 74
69 75
69 76
70 66
70 67
70 68
70 69
70 71
70 72
70 73
70 74
70 75
70 76
71 66
71 67
71 68
71 69
71 70
71 72
71 73
71 74
71 75
71 76
72 66
72 67
72 68
72 69
72 70
72 71
72 73
72 74
72 75
72 76
73 66
73 67
73 68
73 69
73 70
73 71
73 72
73 74
73 75
73 76
74 66
74 67
74 68
74 69
74 70
74 71
74 72
74 73
74 75
74 76
75 66
75 67
75 68
75 69
75 70
75 71
75 72
75 73
75 74
75 76
76 66
76 67
76 68
76 69
76 70
76 71
76 72
76 73
76 74
76 75
77 78
77 79
77 80
77 81
77 82
77 83
77 84
77 85
77 86
78 77
78 79
78 80
78 81
78 82
78 83
78 84
78 85
78 86
79 77
79 78
79 80
79 81
79 82
79 83
79 84
79 85
79 86
80 77
80 78
80 79
80 81
80 82
80 83
80 84
80 85
80 86
81 77
81 78
81 79
81 80
81 82
81 83
81 84
81 85
81 86
82 77
82 78
82 79
82 80
82 81
82 83
82 84
82 85
82 86
83 77
83 78
83 79
83 80
83 81
83 82
83 84
83 85
83 86
84 77
84 78
84 79
84 80
84 81
84 82
84 83
84 85
84 86
85 77
85 78
85 79
85 80
85 81
85 82
85 83
85 84
85 86
86 77
86 78
86 79
86 80
86 81
86 82
86 83
86 84
86 85
87 88
87 89
87 90
87 91
87 92
87 93
87 94
87 95
88 87
88 89
88 90
88 91
88 92
88 93
88 94
88 95
89 87
89 88
89 90
89 91
89 92
89 93
89 94
89 95
90 87
90 88
90 89
90 91
90 92
90 93
90 94
90 95
91 87
91 88
91 89
91 90
91 92
91 93
91 94
91 95
92 87
92 88
92 89
92 90
92 91
92 93
92 94
92 95
93 87
93 88
93 89
93 90
93 91
93 92
93 94
93 95
94 87
94 88
94 89
94 90
94 91
94 92
94 93
94 95
95 87
95 88
95 89
95 90
95 91
95 92
95 93
95 94
96 97
96 98
96 99
96 100
96 101
96 102
96 103
97 96
97 98
97 99
97 100
97 101
97 102
97 103
98 96
98 97
98 99
98 100
98 101
98 102
98 103
99 96
99 97
99 98
99 100
99 101
99 102
99 103
100 96
100 97
100 98
100 99
100 101
100 102
100 103
101 96
101 97
101 98
101 99
101 100
101 102
101 103
102 96
102 97
102 98
102 99
102 100
102 101
102 103
103 96
103 97
103 98
103 99
103 100
103 101
103 102
104 105
104 106
104 107
104 108
104 109
104 110
105 104
105 106
105 107
105 108
105 109
105 110
106 104
106 105
106 107
106 108
106 109
106 110
107 104
107 105
107 106
107 108
107 109
107 110
108 104
108 105
108 106
108 107
108 109
108 110
109 104
109 105
109 106
109 107
109 108
109 110
110 104
110 105
110 106
110 107
110 108
110 109
111 112
111 113
111 114
111 115
111 116
112 111
112 113
112 114
112 115
112 116
113 111
113 112
113 114
113 115
113 116
114 111
114 112
114 113
114 115
114 116
115 111
115 112
115 113
115 114
115 116
116 111
116 112
116 113
116 114
116 115
117 118
117 119
117 120
117 121
118 117
118 119
118 120
118 121
119 117
119 118
119 120
119 121
120 117
120 118
120 119
120 121
121 117
121 118
121 119
121 120
122 123
122 124
122 125
123 122
123 124
123 125
124 122
124 123
124 125
125 122
125 123
125 124
126 127
126 128
127 126
127 128
128 126
128 127
129 130
130 129
67 77
77 67
68 78
68 87
78 68
78 87
87 68
87 78
69 79
69 88
69 96
79 69
79 88
79 96
88 69
88 79
88 96
96 69
96 79
96 88
70 80
70 89
70 97
70 104
80 70
80 89
80 97
80 104
89 70
89 80
89 97
89 104
97 70
97 80
97 89
97 104
104 70
104 80
104 89
104 97
71 81
71 90
71 98
71 105
71 111
81 71
81 90
81 98
81 105
81 111
90 71
90 81
90 98
90 105
90 111
98 71
98 81
98 90
98 105
98 111
105 71
105 81
105 90
105 98
105 111
111 71
111 81
111 90
111 98
111 105
72 82
72 91
72 99
72 106
72 112
72 117
82 72
82 91
82 99
82 106
82 112
82 117
91 72
91 82
91 99
91 106
91 112
91 117
99 72
99 82
99 91
99 106
99 112
99 117
106 72
106 82
106 91
106 99
106 112
106 117
112 72
112 82
112 91
112 99
112 106
112 117
117 72
117 82
117 91
117 99
117 106
117 112
73 83
73 92
73 100
73 107
73 113
73 118
73 122
83 73
83 92
83 100
83 107
83 113
83 118
83 122
92 73
92 83
92 100
92 107
92 113
92 118
92 122
100 73
100 83
100 92
100 107
100 113
100 118
100 122
107 73
107 83
107 92
107 100
107 113
107 118
107 122
113 73
113 83
113 92
113 100
113 107
113 118
113 122
118 73
118 83
118 92
118 100
118 107
118 113
118 122
122 73
122 83
122 92
122 100
122 107
122 113
122 118
74 84
74 93
74 101
74 108
74 114
74 119
74 123
74 126
84 74
84 93
84 101
84 108
84 114
84 119
84 123
84 126
93 74
93 84
93 101
93 108
93 114
93 119
93 123
93 126
101 74
101 84
101 93
101 108
101 114
101 119
101 123
101 126
108 74
108 84
108 93
108 101
108 114
108 119
108 123
108 126
114 74
114 84
114 93
114 101
114 108
114 119
114 123
114 126
119 74
119 84
119 93
119 101
119 108
119 114
119 123
119 126
123 74
123 84
123 93
123 101
123 108
123 114
123 119
123 126
126 74
126 84
126 93
126 101
126 108
126 114
126 119
126 123
75 85
75 94
75 102
75 109
75 115
75 120
75 124
75 127
75 129
85 75
85 94
85 102
85 109
85 115
85 120
85 124
85 127
85 129
94 75
94 85
94 102
94 109
94 115
94 120
94 124
94 127
94 129
102 75
102 85
102 94
102 109
102 115
102 120
102 124
102 127
102 129
109 75
109 85
109 94
109 102
109 115
109 120
109 124
109 127
109 129
115 75
115 85
115 94
115 102
115 109
115 120
115 124
115 127
115 129
120 75
120 85
120 94
120 102
120 109
120 115
120 124
120 127
120 129
124 75
124 85
124 94
124 102
124 109
124 115
124 120
124 127
124 129
127 75
127 85
127 94
127 102
127 109
127 115
127 120
127 124
127 129
129 75
129 85
129 94
129 102
129 109
129 115
129 120
129 124
129 127
76 86
76 95
76 103
76 110
76 116
76 121
76 125
76 128
76 130
76 131
86 76
86 95
86 103
86 110
86 116
86 121
86 125
86 128
86 130
86 131
95 76
95 86
95 103
95 110
95 116
95 121
95 125
95 128
95 130
95 131
103 76
103 86
103 95
103 110
103 116
103 121
103 125
103 128
103 130
103 131
110 76
110 86
110 95
110 103
110 116
110 121
110 125
110 128
110 130
110 131
116 76
116 86
116 95
116 103
116 110
116 121
116 125
116 128
116 130
116 131
121 76
121 86
121 95
121 103
121 110
121 116
121 125
121 128
121 130
121 131
125 76
125 86
125 95
125 103
125 110
125 116
125 121
125 128
125 130
125 131
128 76
128 86
128 95
128 103
128 110
128 116
128 121
128 125
128 130
128 131
130 76
130 86
130 95
130 103
130 110
130 116
130 121
130 125
130 128
130 131
131 76
131 86
131 95
131 103
131 110
131 116
131 121
131 125
131 128
131 130
66 132
132 66
67 132
132 67
68 132
132 68
69 132
132 69
70 132
132 70
71 132
132 71
72 132
132 72
73 132
132 73
74 132
132 74
75 132
132 75
76 132
132 76
77 132
132 77
78 132
132 78
79 132
132 79
80 132
132 80
81 132
132 81
82 132
132 82
83 132
132 83
84 132
132 84
85 132
132 85
86 132
132 86
67 133
133 67
77 133
133 77
68 133
133 68
69 133
133 69
70 133
133 70
71 133
133 71
72 133
133 72
73 133
133 73
74 133
133 74
75 133
133 75
76 133
133 76
78 133
133 78
79 133
133 79
80 133
133 80
81 133
133 81
82 133
133 82
83 133
133 83
84 133
133 84
85 133
133 85
86 133
133 86
87 133
133 87
88 133
133 88
89 133
133 89
90 133
133 90
91 133
133 91
92 133
133 92
93 133
133 93
94 133
133 94
95 133
133 95
68 134
134 68
78 134
134 78
87 134
134 87
69 134
134 69
70 134
134 70
71 134
134 71
72 134
134 72
73 134
134 73
74 134
134 74
75 134
134 75
76 134
134 76
79 134
134 79
80 134
134 80
81 134
134 81
82 134
134 82
83 134
134 83
84 134
134 84
85 134
134 85
86 134
134 86
88 134
134 88
89 134
134 89
90 134
134 90
91 134
134 91
92 134
134 92
93 134
134 93
94 134
134 94
95 134
134 95
96 134
134 96
97 134
134 97
98 134
134 98
99 134
134 99
100 134
134 100
101 134
134 101
102 134
134 102
103 134
134 103
69 135
135 69
79 135
135 79
88 135
135 88
96 135
135 96
70 135
135 70
71 135
135 71
72 135
135 72
73 135
135 73
74 135
135 74
75 135
135 75
76 135
135 76
80 135
135 80
81 135
135 81
82 135
135 82
83 135
135 83
84 135
135 84
85 135
135 85
86 135
135 86
89 135
135 89
90 135
135 90
91 135
135 91
92 135
135 92
93 135
135 93
94 135
135 94
95 135
135 95
97 135
135 97
98 135
135 98
99 135
135 99
100 135
135 100
101 135
135 101
102 135
135 102
103 135
135 103
104 135
135 104
105 135
135 105
106 135
135 106
107 135
135 107
108 135
135 108
109 135
135 109
110 135
135 110
70 136
136 70
80 136
136 80
89 136
136 89
97 136
136 97
104 136
136 104
71 136
136 71
72 136
136 72
73 136
136 73
74 136
136 74
75 136
136 75
76 136
136 76
81 136
136 81
82 136
136 82
83 136
136 83
84 136
136 84
85 136
136 85
86 136
136 86
90 136
136 90
91 136
136 91
92 136
136 92
93 136
136 93
94 136
136 94
95 136
136 95
98 136
136 98
99 136
136 99
100 136
136 100
101 136
136 101
102 136
136 102
103 136
136 103
105 136
136 105
106 136
136 106
107 136
136 107
108 136
136 108
109 136
136 109
110 136
136 110
111 136
136 111
112 136
136 112
113 136
136 113
114 136
136 114
115 136
136 115
116 136
136 116
71 137
137 71
81 137
137 81
90 137
137 90
98 137
137 98
105 137
137 105
111 137
137 111
72 137
137 72
73 137
137 73
74 137
137 74
75 137
137 75
76 137
137 76
82 137
137 82
83 137
137 83
84 137
137 84
85 137
137 85
86 137
137 86
91 137
137 91
92 137
137 92
93 137
137 93
94 137
137 94
95 137
137 95
99 137
137 99
100 137
137 100
101 137
137 101
102 137
137 102
103 137
137 103
106 137
137 106
107 137
137 107
108 137
137 108
109 137
137 109
110 137
137 110
112 137
137 112
113 137
137 113
114 137
137 114
115 137
137 115
116 137
137 116
117 137
137 117
118 137
137 118
119 137
137 119
120 137
137 120
121 137
137 121
72 138
138 72
82 138
138 82
91 138
138 91
99 138
138 99
106 138
138 106
112 138
138 112
117 138
138 117
73 138
138 73
74 138
138 74
75 138
138 75
76 138
138 76
83 138
138 83
84 138
138 84
85 138
138 85
86 138
138 86
92 138
138 92
93 138
138 93
94 138
138 94
95 138
138 95
100 138
138 100
101 138
138 101
102 138
138 102
103 138
138 103
107 138
138 107
108 138
138 108
109 138
138 109
110 138
138 110
113 138
138 113
114 138
138 114
115 138
138 115
116 138
138 116
118 138
138 118
119 138
138 119
120 138
138 120
121 138
138 121
122 138
138 122
123 138
138 123
124 138
138 124
125 138
138 125
73 139
139 73
83 139
139 83
92 139
139 92
100 139
139 100
107 139
139 107
113 139
139 113
118 139
139 118
122 139
139 122
74 139
139 74
75 139
139 75
76 139
139 76
84 139
139 84
85 139
139 85
86 139
139 86
93 139
139 93
94 139
139 94
95 139
139 95
101 139
139 101
102 139
139 102
103 139
139 103
108 139
139 108
109 139
139 109
110 139
139 110
114 139
139 114
115 139
139 115
116 139
139 116
119 139
139 119
120 139
139 120
121 139
139 121
123 139
139 123
124 139
139 124
125 139
139 125
126 139
139 126
127 139
139 127
128 139
139 128
74 140
140 74
84 140
140 84
93 140
140 93
101 140
140 101
108 140
140 108
114 140
140 114
119 140
140 119
123 140
140 123
126 140
140 126
75 140
140 75
76 140
140 76
85 140
140 85
86 140
140 86
94 140
140 94
95 140
140 95
102 140
140 102
103 140
140 103
109 140
140 109
110 140
140 110
115 140
140 115
116 140
140 116
120 140
140 120
121 140
140 121
124 140
140 124
125 140
140 125
127 140
140 127
128 140
140 128
129 140
140 129
130 140
140 130
75 141
141 75
85 141
141 85
94 141
141 94
102 141
141 102
109 141
141 109
115 141
141 115
120 141
141 120
124 141
141 124
127 141
141 127
129 141
141 129
76 141
141 76
86 141
141 86
95 141
141 95
103 141
141 103
110 141
141 110
116 141
141 116
121 141
141 121
125 141
141 125
128 141
141 128
130 141
141 130
131 141
141 131
76 142
142 76
86 142
142 86
95 142
142 95
103 142
142 103
110 142
142 110
116 142
142 116
121 142
142 121
125 142
142 125
128 142
142 128
130 142
142 130
131 142
142 131
