0 9
0 10
0 11
0 12
0 13
0 14
0 15
0 16
1 17
1 18
1 19
1 20
1 21
1 22
1 23
9 17
9 18
9 19
9 20
9 21
9 22
9 23
2 24
2 25
2 26
2 27
2 28
2 29
10 24
10 25
10 26
10 27
10 28
10 29
17 24
17 25
17 26
17 27
17 28
17 29
3 30
3 31
3 32
3 33
3 34
11 30
11 31
11 32
11 33
11 34
18 30
18 31
18 32
18 33
18 34
24 30
24 31
24 32
24 33
24 34
4 35
4 36
4 37
4 38
12 35
12 36
12 37
12 38
19 35
19 36
19 37
19 38
25 35
25 36
25 37
25 38
30 35
30 36
30 37
30 38
5 39
5 40
5 41
13 39
13 40
13 41
20 39
20 40
20 41
26 39
26 40
26 41
31 39
31 40
31 41
35 39
35 40
35 41
6 42
6 43
14 42
14 43
21 42
21 43
27 42
27 43
32 42
32 43
36 42
36 43
39 42
39 43
7 44
15 44
22 44
28 44
33 44
37 44
40 44
42 44
9 0
10 0
11 0
12 0
13 0
14 0
15 0
16 0
17 1
17 9
18 1
18 9
19 1
19 9
20 1
20 9
21 1
21 9
22 1
22 9
23 1
23 9
24 2
24 10
24 17
25 2
25 10
25 17
26 2
26 10
26 17
27 2
27 10
27 17
28 2
28 10
28 17
29 2
29 10
29 17
30 3
30 11
30 18
30 24
31 3
31 11
31 18
31 24
32 3
32 11
32 18
32 24
33 3
33 11
33 18
33 24
34 3
34 11
34 18
34 24
35 4
35 12
35 19
35 25
35 30
36 4
36 12
36 19
36 25
36 30
37 4
37 12
37 19
37 25
37 30
38 4
38 12
38 19
38 25
38 30
39 5
39 13
39 20
39 26
39 31
39 35
40 5
40 13
40 20
40 26
40 31
40 35
41 5
41 13
41 20
41 26
41 31
41 35
42 6
42 14
42 21
42 27
42 32
42 36
42 39
43 6
43 14
43 21
43 27
43 32
43 36
43 39
44 7
44 15
44 22
44 28
44 33
44 37
44 40
44 42
0 1
0 2
0 3
0 4
0 5
0 6
0 7
0 8
1 0
1 2
1 3
1 4
1 5
1 6
1 7
1 8
2 0
2 1
2 3
2 4
2 5
2 6
2 7
2 8
3 0
3 1
3 2
3 4
3 5
3 6
3 7
3 8
4 0
4 1
4 2
4 3
4 5
4 6
4 7
4 8
5 0
5 1
5 2
5 3
5 4
5 6
5 7
5 8
6 0
6 1
6 2
6 3
6 4
6 5
6 7
6 8
7 0
7 1
7 2
7 3
7 4
7 5
7 6
7 8
8 0
8 1
8 2
8 3
8 4
8 5
8 6
8 7
9 10
9 11
9 12
9 13
9 14
9 15
9 16
10 9
10 11
10 12
10 13
10 14
10 15
10 16
11 9
11 10
11 12
11 13
11 14
11 15
11 16
12 9
12 10
12 11
12 13
12 14
12 15
12 16
13 9
13 10
13 11
13 12
13 14
13 15
13 16
14 9
14 10
14 11
14 12
14 13
14 15
14 16
15 9
15 10
15 11
15 12
15 13
15 14
15 16
16 9
16 10
16 11
16 12
16 13
16 14
16 15
17 18
17 19
17 20
17 21
17 22
17 23
18 17
18 19
18 20
18 21
18 22
18 23
19 17
19 18
19 20
19 21
19 22
19 23
20 17
20 18
20 19
20 21
20 22
20 23
21 17
21 18
21 19
21 20
21 22
21 23
22 17
22 18
22 19
22 20
22 21
22 23
23 17
23 18
23 19
23 20
23 21
23 22
24 25
24 26
24 27
24 28
24 29
25 24
25 26
25 27
25 28
25 29
26 24
26 25
26 27
26 28
26 29
27 24
27 25
27 26
27 28
27 29
28 24
28 25
28 26
28 27
28 29
29 24
29 25
29 26
29 27
29 28
30 31
30 32
30 33
30 34
31 30
31 32
31 33
31 34
32 30
32 31
32 33
32 34
33 30
33 31
33 32
33 34
34 30
34 31
34 32
34 33
35 36
35 37
35 38
36 35
36 37
36 38
37 35
37 36
37 38
38 35
38 36
38 37
39 40
39 41
40 39
40 41
41 39
41 40
42 43
43 42
1 9
9 1
2 10
2 17
10 2
10 17
17 2
17 10
3 11
3 18
3 24
11 3
11 18
11 24
18 3
18 11
18 24
24 3
24 11
24 18
4 12
4 19
4 25
4 30
12 4
12 19
12 25
12 30
19 4
19 12
19 25
19 30
25 4
25 12
25 19
25 30
30 4
30 12
30 19
30 25
5 13
5 20
5 26
5 31
5 35
13 5
13 20
13 26
13 31
13 35
20 5
20 13
20 26
20 31
20 35
26 5
26 13
26 20
26 31
26 35
31 5
31 13
31 20
31 26
31 35
35 5
35 13
35 20
35 26
35 31
6 14
6 21
6 27
6 32
6 36
6 39
14 6
14 21
14 27
14 32
14 36
14 39
21 6
21 14
21 27
21 32
21 36
21 39
27 6
27 14
27 21
27 32
27 36
27 39
32 6
32 14
32 21
32 27
32 36
32 39
36 6
36 14
36 21
36 27
36 32
36 39
39 6
39 14
39 21
39 27
39 32
39 36
7 15
7 22
7 28
7 33
7 37
7 40
7 42
15 7
15 22
15 28
15 33
15 37
15 40
15 42
22 7
22 15
22 28
22 33
22 37
22 40
22 42
28 7
28 15
28 22
28 33
28 37
28 40
28 42
33 7
33 15
33 22
33 28
33 37
33 40
33 42
37 7
37 15
37 22
37 28
37 33
37 40
37 42
40 7
40 15
40 22
40 28
40 33
40 37
40 42
42 7
42 15
42 22
42 28
42 33
42 37
42 40
8 16
8 23
8 29
8 34
8 38
8 41
8 43
8 44
16 8
16 23
16 29
16 34
16 38
16 41
16 43
16 44
23 8
23 16
23 29
23 34
23 38
23 41
23 43
23 44
29 8
29 16
29 23
29 34
29 38
29 41
29 43
29 44
34 8
34 16
34 23
34 29
34 38
34 41
34 43
34 44
38 8
38 16
38 23
38 29
38 34
38 41
38 43
38 44
41 8
41 16
41 23
41 29
41 34
41 38
41 43
41 44
43 8
43 16
43 23
43 29
43 34
43 38
43 41
43 44
44 8
44 16
44 23
44 29
44 34
44 38
44 41
44 43
0 54
54 0
0 55
55 0
0 56
56 0
0 57
57 0
0 58
58 0
0 59
59 0
0 60
60 0
0 61
61 0
1 62
62 1
1 63
63 1
1 64
64 1
1 65
65 1
1 66
66 1
1 67
67 1
1 68
68 1
9 62
62 9
9 63
63 9
9 64
64 9
9 65
65 9
9 66
66 9
9 67
67 9
9 68
68 9
2 69
69 2
2 70
70 2
2 71
71 2
2 72
72 2
2 73
73 2
2 74
74 2
10 69
69 10
10 70
70 10
10 71
71 10
10 72
72 10
10 73
73 10
10 74
74 10
17 69
69 17
17 70
70 17
17 71
71 17
17 72
72 17
17 73
73 17
17 74
74 17
3 75
75 3
3 76
76 3
3 77
77 3
3 78
78 3
3 79
79 3
11 75
75 11
11 76
76 11
11 77
77 11
11 78
78 11
11 79
79 11
18 75
75 18
18 76
76 18
18 77
77 18
18 78
78 18
18 79
79 18
24 75
75 24
24 76
76 24
24 77
77 24
24 78
78 24
24 79
79 24
4 80
80 4
4 81
81 4
4 82
82 4
4 83
83 4
12 80
80 12
12 81
81 12
12 82
82 12
12 83
83 12
19 80
80 19
19 81
81 19
19 82
82 19
19 83
83 19
25 80
80 25
25 81
81 25
25 82
82 25
25 83
83 25
30 80
80 30
30 81
81 30
30 82
82 30
30 83
83 30
5 84
84 5
5 85
85 5
5 86
86 5
13 84
84 13
13 85
85 13
13 86
86 13
20 84
84 20
20 85
85 20
20 86
86 20
26 84
84 26
26 85
85 26
26 86
86 26
31 84
84 31
31 85
85 31
31 86
86 31
35 84
84 35
35 85
85 35
35 86
86 35
6 87
87 6
6 88
88 6
14 87
87 14
14 88
88 14
21 87
87 21
21 88
88 21
27 87
87 27
27 88
88 27
32 87
87 32
32 88
88 32
36 87
87 36
36 88
88 36
39 87
87 39
39 88
88 39
7 89
89 7
15 89
89 15
22 89
89 22
28 89
89 28
33 89
89 33
37 89
89 37
40 89
89 40
42 89
89 42
9 45
45 9
10 45
45 10
11 45
45 11
12 45
45 12
13 45
45 13
14 45
45 14
15 45
45 15
16 45
45 16
17 46
46 17
17 54
54 17
18 46
46 18
18 54
54 18
19 46
46 19
19 54
54 19
20 46
46 20
20 54
54 20
21 46
46 21
21 54
54 21
22 46
46 22
22 54
54 22
23 46
46 23
23 54
54 23
24 47
47 24
24 55
55 24
24 62
62 24
25 47
47 25
25 55
55 25
25 62
62 25
26 47
47 26
26 55
55 26
26 62
62 26
27 47
47 27
27 55
55 27
27 62
62 27
28 47
47 28
28 55
55 28
28 62
62 28
29 47
47 29
29 55
55 29
29 62
62 29
30 48
48 30
30 56
56 30
30 63
63 30
30 69
69 30
31 48
48 31
31 56
56 31
31 63
63 31
31 69
69 31
32 48
48 32
32 56
56 32
32 63
63 32
32 69
69 32
33 48
48 33
33 56
56 33
33 63
63 33
33 69
69 33
34 48
48 34
34 56
56 34
34 63
63 34
34 69
69 34
35 49
49 35
35 57
57 35
35 64
64 35
35 70
70 35
35 75
75 35
36 49
49 36
36 57
57 36
36 64
64 36
36 70
70 36
36 75
75 36
37 49
49 37
37 57
57 37
37 64
64 37
37 70
70 37
37 75
75 37
38 49
49 38
38 57
57 38
38 64
64 38
38 70
70 38
38 75
75 38
39 50
50 39
39 58
58 39
39 65
65 39
39 71
71 39
39 76
76 39
39 80
80 39
40 50
50 40
40 58
58 40
40 65
65 40
40 71
71 40
40 76
76 40
40 80
80 40
41 50
50 41
41 58
58 41
41 65
65 41
41 71
71 41
41 76
76 41
41 80
80 41
42 51
51 42
42 59
59 42
42 66
66 42
42 72
72 42
42 77
77 42
42 81
81 42
42 84
84 42
43 51
51 43
43 59
59 43
43 66
66 43
43 72
72 43
43 77
77 43
43 81
81 43
43 84
84 43
44 52
52 44
44 60
60 44
44 67
67 44
44 73
73 44
44 78
78 44
44 82
82 44
44 85
85 44
44 87
87 44
0 46
46 0
0 47
47 0
0 48
48 0
0 49
49 0
0 50
50 0
0 51
51 0
0 52
52 0
0 53
53 0
1 45
45 1
1 47
47 1
1 48
48 1
1 49
49 1
1 50
50 1
1 51
51 1
1 52
52 1
1 53
53 1
2 45
45 2
2 46
46 2
2 48
48 2
2 49
49 2
2 50
50 2
2 51
51 2
2 52
52 2
2 53
53 2
3 45
45 3
3 46
46 3
3 47
47 3
3 49
49 3
3 50
50 3
3 51
51 3
3 52
52 3
3 53
53 3
4 45
45 4
4 46
46 4
4 47
47 4
4 48
48 4
4 50
50 4
4 51
51 4
4 52
52 4
4 53
53 4
5 45
45 5
5 46
46 5
5 47
47 5
5 48
48 5
5 49
49 5
5 51
51 5
5 52
52 5
5 53
53 5
6 45
45 6
6 46
46 6
6 47
47 6
6 48
48 6
6 49
49 6
6 50
50 6
6 52
52 6
6 53
53 6
7 45
45 7
7 46
46 7
7 47
47 7
7 48
48 7
7 49
49 7
7 50
50 7
7 51
51 7
7 53
53 7
8 45
45 8
8 46
46 8
8 47
47 8
8 48
48 8
8 49
49 8
8 50
50 8
8 51
51 8
8 52
52 8
9 55
55 9
9 56
56 9
9 57
57 9
9 58
58 9
9 59
59 9
9 60
60 9
9 61
61 9
10 54
54 10
10 56
56 10
10 57
57 10
10 58
58 10
10 59
59 10
10 60
60 10
10 61
61 10
11 54
54 11
11 55
55 11
11 57
57 11
11 58
58 11
11 59
59 11
11 60
60 11
11 61
61 11
12 54
54 12
12 55
55 12
12 56
56 12
12 58
58 12
12 59
59 12
12 60
60 12
12 61
61 12
13 54
54 13
13 55
55 13
13 56
56 13
13 57
57 13
13 59
59 13
13 60
60 13
13 61
61 13
14 54
54 14
14 55
55 14
14 56
56 14
14 57
57 14
14 58
58 14
14 60
60 14
14 61
61 14
15 54
54 15
15 55
55 15
15 56
56 15
15 57
57 15
15 58
58 15
15 59
59 15
15 61
61 15
16 54
54 16
16 55
55 16
16 56
56 16
16 57
57 16
16 58
58 16
16 59
59 16
16 60
60 16
17 63
63 17
17 64
64 17
17 65
65 17
17 66
66 17
17 67
67 17
17 68
68 17
18 62
62 18
18 64
64 18
18 65
65 18
18 66
66 18
18 67
67 18
18 68
68 18
19 62
62 19
19 63
63 19
19 65
65 19
19 66
66 19
19 67
67 19
19 68
68 19
20 62
62 20
20 63
63 20
20 64
64 20
20 66
66 20
20 67
67 20
20 68
68 20
21 62
62 21
21 63
63 21
21 64
64 21
21 65
65 21
21 67
67 21
21 68
68 21
22 62
62 22
22 63
63 22
22 64
64 22
22 65
65 22
22 66
66 22
22 68
68 22
23 62
62 23
23 63
63 23
23 64
64 23
23 65
65 23
23 66
66 23
23 67
67 23
24 70
70 24
24 71
71 24
24 72
72 24
24 73
73 24
24 74
74 24
25 69
69 25
25 71
71 25
25 72
72 25
25 73
73 25
25 74
74 25
26 69
69 26
26 70
70 26
26 72
72 26
26 73
73 26
26 74
74 26
27 69
69 27
27 70
70 27
27 71
71 27
27 73
73 27
27 74
74 27
28 69
69 28
28 70
70 28
28 71
71 28
28 72
72 28
28 74
74 28
29 69
69 29
29 70
70 29
29 71
71 29
29 72
72 29
29 73
73 29
30 76
76 30
30 77
77 30
30 78
78 30
30 79
79 30
31 75
75 31
31 77
77 31
31 78
78 31
31 79
79 31
32 75
75 32
32 76
76 32
32 78
78 32
32 79
79 32
33 75
75 33
33 76
76 33
33 77
77 33
33 79
79 33
34 75
75 34
34 76
76 34
34 77
77 34
34 78
78 34
35 81
81 35
35 82
82 35
35 83
83 35
36 80
80 36
36 82
82 36
36 83
83 36
37 80
80 37
37 81
81 37
37 83
83 37
38 80
80 38
38 81
81 38
38 82
82 38
39 85
85 39
39 86
86 39
40 84
84 40
40 86
86 40
41 84
84 41
41 85
85 41
42 88
88 42
43 87
87 43
1 54
54 1
9 46
46 9
2 55
55 2
2 62
62 2
10 47
47 10
10 62
62 10
17 47
47 17
17 55
55 17
3 56
56 3
3 63
63 3
3 69
69 3
11 48
48 11
11 63
63 11
11 69
69 11
18 48
48 18
18 56
56 18
18 69
69 18
24 48
48 24
24 56
56 24
24 63
63 24
4 57
57 4
4 64
64 4
4 70
70 4
4 75
75 4
12 49
49 12
12 64
64 12
12 70
70 12
12 75
75 12
19 49
49 19
19 57
57 19
19 70
70 19
19 75
75 19
25 49
49 25
25 57
57 25
25 64
64 25
25 75
75 25
30 49
49 30
30 57
57 30
30 64
64 30
30 70
70 30
5 58
58 5
5 65
65 5
5 71
71 5
5 76
76 5
5 80
80 5
13 50
50 13
13 65
65 13
13 71
71 13
13 76
76 13
13 80
80 13
20 50
50 20
20 58
58 20
20 71
71 20
20 76
76 20
20 80
80 20
26 50
50 26
26 58
58 26
26 65
65 26
26 76
76 26
26 80
80 26
31 50
50 31
31 58
58 31
31 65
65 31
31 71
71 31
31 80
80 31
35 50
50 35
35 58
58 35
35 65
65 35
35 71
71 35
35 76
76 35
6 59
59 6
6 66
66 6
6 72
72 6
6 77
77 6
6 81
81 6
6 84
84 6
14 51
51 14
14 66
66 14
14 72
72 14
14 77
77 14
14 81
81 14
14 84
84 14
21 51
51 21
21 59
59 21
21 72
72 21
21 77
77 21
21 81
81 21
21 84
84 21
27 51
51 27
27 59
59 27
27 66
66 27
27 77
77 27
27 81
81 27
27 84
84 27
32 51
51 32
32 59
59 32
32 66
66 32
32 72
72 32
32 81
81 32
32 84
84 32
36 51
51 36
36 59
59 36
36 66
66 36
36 72
72 36
36 77
77 36
36 84
84 36
39 51
51 39
39 59
59 39
39 66
66 39
39 72
72 39
39 77
77 39
39 81
81 39
7 60
60 7
7 67
67 7
7 73
73 7
7 78
78 7
7 82
82 7
7 85
85 7
7 87
87 7
15 52
52 15
15 67
67 15
15 73
73 15
15 78
78 15
15 82
82 15
15 85
85 15
15 87
87 15
22 52
52 22
22 60
60 22
22 73
73 22
22 78
78 22
22 82
82 22
22 85
85 22
22 87
87 22
28 52
52 28
28 60
60 28
28 67
67 28
28 78
78 28
28 82
82 28
28 85
85 28
28 87
87 28
33 52
52 33
33 60
60 33
33 67
67 33
33 73
73 33
33 82
82 33
33 85
85 33
33 87
87 33
37 52
52 37
37 60
60 37
37 67
67 37
37 73
73 37
37 78
78 37
37 85
85 37
37 87
87 37
40 52
52 40
40 60
60 40
40 67
67 40
40 73
73 40
40 78
78 40
40 82
82 40
40 87
87 40
42 52
52 42
42 60
60 42
42 67
67 42
42 73
73 42
42 78
78 42
42 82
82 42
42 85
85 42
8 61
61 8
8 68
68 8
8 74
74 8
8 79
79 8
8 83
83 8
8 86
86 8
8 88
88 8
8 89
89 8
16 53
53 16
16 68
68 16
16 74
74 16
16 79
79 16
16 83
83 16
16 86
86 16
16 88
88 16
16 89
89 16
23 53
53 23
23 61
61 23
23 74
74 23
23 79
79 23
23 83
83 23
23 86
86 23
23 88
88 23
23 89
89 23
29 53
53 29
29 61
61 29
29 68
68 29
29 79
79 29
29 83
83 29
29 86
86 29
29 88
88 29
29 89
89 29
34 53
53 34
34 61
61 34
34 68
68 34
34 74
74 34
34 83
83 34
34 86
86 34
34 88
88 34
34 89
89 34
38 53
53 38
38 61
61 38
38 68
68 38
38 74
74 38
38 79
79 38
38 86
86 38
38 88
88 38
38 89
89 38
41 53
53 41
41 61
61 41
41 68
68 41
41 74
74 41
41 79
79 41
41 83
83 41
41 88
88 41
41 89
89 41
43 53
53 43
43 61
61 43
43 68
68 43
43 74
74 43
43 79
79 43
43 83
83 43
43 86
86 43
43 89
89 43
44 53
53 44
44 61
61 44
44 68
68 44
44 74
74 44
44 79
79 44
44 83
83 44
44 86
86 44
44 88
88 44
0 45
45 0
1 46
46 1
2 47
47 2
3 48
48 3
4 49
49 4
5 50
50 5
6 51
51 6
7 52
52 7
8 53
53 8
9 54
54 9
10 55
55 10
11 56
56 11
12 57
57 12
13 58
58 13
14 59
59 14
15 60
60 15
16 61
61 16
17 62
62 17
18 63
63 18
19 64
64 19
20 65
65 20
21 66
66 21
22 67
67 22
23 68
68 23
24 69
69 24
25 70
70 25
26 71
71 26
27 72
72 27
28 73
73 28
29 74
74 29
30 75
75 30
31 76
76 31
32 77
77 32
33 78
78 33
34 79
79 34
35 80
80 35
36 81
81 36
37 82
82 37
38 83
83 38
39 84
84 39
40 85
85 40
41 86
86 41
42 87
87 42
43 88
88 43
44 89
89 44
0 90
90 0
1 90
90 1
2 90
90 2
3 90
90 3
4 90
90 4
5 90
90 5
6 90
90 6
7 90
90 7
8 90
90 8
9 90
90 9
10 90
90 10
11 90
90 11
12 90
90 12
13 90
90 13
14 90
90 14
15 90
90 15
16 90
90 16
1 91
91 1
9 91
91 9
2 91
91 2
3 91
91 3
4 91
91 4
5 91
91 5
6 91
91 6
7 91
91 7
8 91
91 8
10 91
91 10
11 91
91 11
12 91
91 12
13 91
91 13
14 91
91 14
15 91
91 15
16 91
91 16
17 91
91 17
18 91
91 18
19 91
91 19
20 91
91 20
21 91
91 21
22 91
91 22
23 91
91 23
2 92
92 2
10 92
92 10
17 92
92 17
3 92
92 3
4 92
92 4
5 92
92 5
6 92
92 6
7 92
92 7
8 92
92 8
11 92
92 11
12 92
92 12
13 92
92 13
14 92
92 14
15 92
92 15
16 92
92 16
18 92
92 18
19 92
92 19
20 92
92 20
21 92
92 21
22 92
92 22
23 92
92 23
24 92
92 24
25 92
92 25
26 92
92 26
27 92
92 27
28 92
92 28
29 92
92 29
3 93
93 3
11 93
93 11
18 93
93 18
24 93
93 24
4 93
93 4
5 93
93 5
6 93
93 6
7 93
93 7
8 93
93 8
12 93
93 12
13 93
93 13
14 93
93 14
15 93
93 15
16 93
93 16
19 93
93 19
20 93
93 20
21 93
93 21
22 93
93 22
23 93
93 23
25 93
93 25
26 93
93 26
27 93
93 27
28 93
93 28
29 93
93 29
30 93
93 30
31 93
93 31
32 93
93 32
33 93
93 33
34 93
93 34
4 94
94 4
12 94
94 12
19 94
94 19
25 94
94 25
30 94
94 30
5 94
94 5
6 94
94 6
7 94
94 7
8 94
94 8
13 94
94 13
14 94
94 14
15 94
94 15
16 94
94 16
20 94
94 20
21 94
94 21
22 94
94 22
23 94
94 23
26 94
94 26
27 94
94 27
28 94
94 28
29 94
94 29
31 94
94 31
32 94
94 32
33 94
94 33
34 94
94 34
35 94
94 35
36 94
94 36
37 94
94 37
38 94
94 38
5 95
95 5
13 95
95 13
20 95
95 20
26 95
95 26
31 95
95 31
35 95
95 35
6 95
95 6
7 95
95 7
8 95
95 8
14 95
95 14
15 95
95 15
16 95
95 16
21 95
95 21
22 95
95 22
23 95
95 23
27 95
95 27
28 95
95 28
29 95
95 29
32 95
95 32
33 95
95 33
34 95
95 34
36 95
95 36
37 95
95 37
38 95
95 38
39 95
95 39
40 95
95 40
41 95
95 41
6 96
96 6
14 96
96 14
21 96
96 21
27 96
96 27
32 96
96 32
36 96
96 36
39 96
96 39
7 96
96 7
8 96
96 8
15 96
96 15
16 96
96 16
22 96
96 22
23 96
96 23
28 96
96 28
29 96
96 29
33 96
96 33
34 96
96 34
37 96
96 37
38 96
96 38
40 96
96 40
41 96
96 41
42 96
96 42
43 96
96 43
7 97
97 7
15 97
97 15
22 97
97 22
28 97
97 28
33 97
97 33
37 97
97 37
40 97
97 40
42 97
97 42
8 97
97 8
16 97
97 16
23 97
97 23
29 97
97 29
34 97
97 34
38 97
97 38
41 97
97 41
43 97
97 43
44 97
97 44
8 98
98 8
16 98
98 16
23 98
98 23
29 98
98 29
34 98
98 34
38 98
98 38
41 98
98 41
43 98
98 43
44 98
98 44
45 54
45 55
45 56
45 57
45 58
45 59
45 60
45 61
46 62
46 63
46 64
46 65
46 66
46 67
46 68
54 62
54 63
54 64
54 65
54 66
54 67
54 68
47 69
47 70
47 71
47 72
47 73
47 74
55 69
55 70
55 71
55 72
55 73
55 74
62 69
62 70
62 71
62 72
62 73
62 74
48 75
48 76
48 77
48 78
48 79
56 75
56 76
56 77
56 78
56 79
63 75
63 76
63 77
63 78
63 79
69 75
69 76
69 77
69 78
69 79
49 80
49 81
49 82
49 83
57 80
57 81
57 82
57 83
64 80
64 81
64 82
64 83
70 80
70 81
70 82
70 83
75 80
75 81
75 82
75 83
50 84
50 85
50 86
58 84
58 85
58 86
65 84
65 85
65 86
71 84
71 85
71 86
76 84
76 85
76 86
80 84
80 85
80 86
51 87
51 88
59 87
59 88
66 87
66 88
72 87
72 88
77 87
77 88
81 87
81 88
84 87
84 88
52 89
60 89
67 89
73 89
78 89
82 89
85 89
87 89
54 45
55 45
56 45
57 45
58 45
59 45
60 45
61 45
62 46
62 54
63 46
63 54
64 46
64 54
65 46
65 54
66 46
66 54
67 46
67 54
68 46
68 54
69 47
69 55
69 62
70 47
70 55
70 62
71 47
71 55
71 62
72 47
72 55
72 62
73 47
73 55
73 62
74 47
74 55
74 62
75 48
75 56
75 63
75 69
76 48
76 56
76 63
76 69
77 48
77 56
77 63
77 69
78 48
78 56
78 63
78 69
79 48
79 56
79 63
79 69
80 49
80 57
80 64
80 70
80 75
81 49
81 57
81 64
81 70
81 75
82 49
82 57
82 64
82 70
82 75
83 49
83 57
83 64
83 70
83 75
84 50
84 58
84 65
84 71
84 76
84 80
85 50
85 58
85 65
85 71
85 76
85 80
86 50
86 58
86 65
86 71
86 76
86 80
87 51
87 59
87 66
87 72
87 77
87 81
87 84
88 51
88 59
88 66
88 72
88 77
88 81
88 84
89 52
89 60
89 67
89 73
89 78
89 82
89 85
89 87
45 46
45 47
45 48
45 49
45 50
45 51
45 52
45 53
46 45
46 47
46 48
46 49
46 50
46 51
46 52
46 53
47 45
47 46
47 48
47 49
47 50
47 51
47 52
47 53
48 45
48 46
48 47
48 49
48 50
48 51
48 52
48 53
49 45
49 46
49 47
49 48
49 50
49 51
49 52
49 53
50 45
50 46
50 47
50 48
50 49
50 51
50 52
50 53
51 45
51 46
51 47
51 48
51 49
51 50
51 52
51 53
52 45
52 46
52 47
52 48
52 49
52 50
52 51
52 53
53 45
53 46
53 47
53 48
53 49
53 50
53 51
53 52
54 55
54 56
54 57
54 58
54 59
54 60
54 61
55 54
55 56
55 57
55 58
55 59
55 60
55 61
56 54
56 55
56 57
56 58
56 59
56 60
56 61
57 54
57 55
57 56
57 58
57 59
57 60
57 61
58 54
58 55
58 56
58 57
58 59
58 60
58 61
59 54
59 55
59 56
59 57
59 58
59 60
59 61
60 54
60 55
60 56
60 57
60 58
60 59
60 61
61 54
61 55
61 56
61 57
61 58
61 59
61 60
62 63
62 64
62 65
62 66
62 67
62 68
63 62
63 64
63 65
63 66
63 67
63 68
64 62
64 63
64 65
64 66
64 67
64 68
65 62
65 63
65 64
65 66
65 67
65 68
66 62
66 63
66 64
66 65
66 67
66 68
67 62
67 63
67 64
67 65
67 66
67 68
68 62
68 63
68 64
68 65
68 66
68 67
69 70
69 71
69 72
69 73
69 74
70 69
70 71
70 72
70 73
70 74
71 69
71 70
71 72
71 73
71 74
72 69
72 70
72 71
72 73
72 74
73 69
73 70
73 71
73 72
73 74
74 69
74 70
74 71
74 72
74 73
75 76
75 77
75 78
75 79
76 75
76 77
76 78
76 79
77 75
77 76
77 78
77 79
78 75
78 76
78 77
78 79
79 75
79 76
79 77
79 78
80 81
80 82
80 83
81 80
81 82
81 83
82 80
82 81
82 83
83 80
83 81
83 82
84 85
84 86
85 84
85 86
86 84
86 85
87 88
88 87
46 54
54 46
47 55
47 62
55 47
55 62
62 47
62 55
48 56
48 63
48 69
56 48
56 63
56 69
63 48
63 56
63 69
69 48
69 56
69 63
49 57
49 64
49 70
49 75
57 49
57 64
57 70
57 75
64 49
64 57
64 70
64 75
70 49
70 57
70 64
70 75
75 49
75 57
75 64
75 70
50 58
50 65
50 71
50 76
50 80
58 50
58 65
58 71
58 76
58 80
65 50
65 58
65 71
65 76
65 80
71 50
71 58
71 65
71 76
71 80
76 50
76 58
76 65
76 71
76 80
80 50
80 58
80 65
80 71
80 76
51 59
51 66
51 72
51 77
51 81
51 84
59 51
59 66
59 72
59 77
59 81
59 84
66 51
66 59
66 72
66 77
66 81
66 84
72 51
72 59
72 66
72 77
72 81
72 84
77 51
77 59
77 66
77 72
77 81
77 84
81 51
81 59
81 66
81 72
81 77
81 84
84 51
84 59
84 66
84 72
84 77
84 81
52 60
52 67
52 73
52 78
52 82
52 85
52 87
60 52
60 67
60 73
60 78
60 82
60 85
60 87
67 52
67 60
67 73
67 78
67 82
67 85
67 87
73 52
73 60
73 67
73 78
73 82
73 85
73 87
78 52
78 60
78 67
78 73
78 82
78 85
78 87
82 52
82 60
82 67
82 73
82 78
82 85
82 87
85 52
85 60
85 67
85 73
85 78
85 82
85 87
87 52
87 60
87 67
87 73
87 78
87 82
87 85
53 61
53 68
53 74
53 79
53 83
53 86
53 88
53 89
61 53
61 68
61 74
61 79
61 83
61 86
61 88
61 89
68 53
68 61
68 74
68 79
68 83
68 86
68 88
68 89
74 53
74 61
74 68
74 79
74 83
74 86
74 88
74 89
79 53
79 61
79 68
79 74
79 83
79 86
79 88
79 89
83 53
83 61
83 68
83 74
83 79
83 86
83 88
83 89
86 53
86 61
86 68
86 74
86 79
86 83
86 88
86 89
88 53
88 61
88 68
88 74
88 79
88 83
88 86
88 89
89 53
89 61
89 68
89 74
89 79
89 83
89 86
89 88
45 90
90 45
46 90
90 46
47 90
90 47
48 90
90 48
49 90
90 49
50 90
90 50
51 90
90 51
52 90
90 52
53 90
90 53
54 90
90 54
55 90
90 55
56 90
90 56
57 90
90 57
58 90
90 58
59 90
90 59
60 90
90 60
61 90
90 61
46 91
91 46
54 91
91 54
47 91
91 47
48 91
91 48
49 91
91 49
50 91
91 50
51 91
91 51
52 91
91 52
53 91
91 53
55 91
91 55
56 91
91 56
57 91
91 57
58 91
91 58
59 91
91 59
60 91
91 60
61 91
91 61
62 91
91 62
63 91
91 63
64 91
91 64
65 91
91 65
66 91
91 66
67 91
91 67
68 91
91 68
47 92
92 47
55 92
92 55
62 92
92 62
48 92
92 48
49 92
92 49
50 92
92 50
51 92
92 51
52 92
92 52
53 92
92 53
56 92
92 56
57 92
92 57
58 92
92 58
59 92
92 59
60 92
92 60
61 92
92 61
63 92
92 63
64 92
92 64
65 92
92 65
66 92
92 66
67 92
92 67
68 92
92 68
69 92
92 69
70 92
92 70
71 92
92 71
72 92
92 72
73 92
92 73
74 92
92 74
48 93
93 48
56 93
93 56
63 93
93 63
69 93
93 69
49 93
93 49
50 93
93 50
51 93
93 51
52 93
93 52
53 93
93 53
57 93
93 57
58 93
93 58
59 93
93 59
60 93
93 60
61 93
93 61
64 93
93 64
65 93
93 65
66 93
93 66
67 93
93 67
68 93
93 68
70 93
93 70
71 93
93 71
72 93
93 72
73 93
93 73
74 93
93 74
75 93
93 75
76 93
93 76
77 93
93 77
78 93
93 78
79 93
93 79
49 94
94 49
57 94
94 57
64 94
94 64
70 94
94 70
75 94
94 75
50 94
94 50
51 94
94 51
52 94
94 52
53 94
94 53
58 94
94 58
59 94
94 59
60 94
94 60
61 94
94 61
65 94
94 65
66 94
94 66
67 94
94 67
68 94
94 68
71 94
94 71
72 94
94 72
73 94
94 73
74 94
94 74
76 94
94 76
77 94
94 77
78 94
94 78
79 94
94 79
80 94
94 80
81 94
94 81
82 94
94 82
83 94
94 83
50 95
95 50
58 95
95 58
65 95
95 65
71 95
95 71
76 95
95 76
80 95
95 80
51 95
95 51
52 95
95 52
53 95
95 53
59 95
95 59
60 95
95 60
61 95
95 61
66 95
95 66
67 95
95 67
68 95
95 68
72 95
95 72
73 95
95 73
74 95
95 74
77 95
95 77
78 95
95 78
79 95
95 79
81 95
95 81
82 95
95 82
83 95
95 83
84 95
95 84
85 95
95 85
86 95
95 86
51 96
96 51
59 96
96 59
66 96
96 66
72 96
96 72
77 96
96 77
81 96
96 81
84 96
96 84
52 96
96 52
53 96
96 53
60 96
96 60
61 96
96 61
67 96
96 67
68 96
96 68
73 96
96 73
74 96
96 74
78 96
96 78
79 96
96 79
82 96
96 82
83 96
96 83
85 96
96 85
86 96
96 86
87 96
96 87
88 96
96 88
52 97
97 52
60 97
97 60
67 97
97 67
73 97
97 73
78 97
97 78
82 97
97 82
85 97
97 85
87 97
97 87
53 97
97 53
61 97
97 61
68 97
97 68
74 97
97 74
79 97
97 79
83 97
97 83
86 97
97 86
88 97
97 88
89 97
97 89
53 98
98 53
61 98
98 61
68 98
98 68
74 98
98 74
79 98
98 79
83 98
98 83
86 98
98 86
88 98
98 88
89 98
98 89
