0 7
0 8
0 9
0 10
0 11
0 12
1 13
1 14
1 15
1 16
1 17
7 13
7 14
7 15
7 16
7 17
2 18
2 19
2 20
2 21
8 18
8 19
8 20
8 21
13 18
13 19
13 20
13 21
3 22
3 23
3 24
9 22
9 23
9 24
14 22
14 23
14 24
18 22
18 23
18 24
4 25
4 26
10 25
10 26
15 25
15 26
19 25
19 26
22 25
22 26
5 27
11 27
16 27
20 27
23 27
25 27
7 0
8 0
9 0
10 0
11 0
12 0
13 1
13 7
14 1
14 7
15 1
15 7
16 1
16 7
17 1
17 7
18 2
18 8
18 13
19 2
19 8
19 13
20 2
20 8
20 13
21 2
21 8
21 13
22 3
22 9
22 14
22 18
23 3
23 9
23 14
23 18
24 3
24 9
24 14
24 18
25 4
25 10
25 15
25 19
25 22
26 4
26 10
26 15
26 19
26 22
27 5
27 11
27 16
27 20
27 23
27 25
0 1
0 2
0 3
0 4
0 5
0 6
1 0
1 2
1 3
1 4
1 5
1 6
2 0
2 1
2 3
2 4
2 5
2 6
3 0
3 1
3 2
3 4
3 5
3 6
4 0
4 1
4 2
4 3
4 5
4 6
5 0
5 1
5 2
5 3
5 4
5 6
6 0
6 1
6 2
6 3
6 4
6 5
7 8
7 9
7 10
7 11
7 12
8 7
8 9
8 10
8 11
8 12
9 7
9 8
9 10
9 11
9 12
10 7
10 8
10 9
10 11
10 12
11 7
11 8
11 9
11 10
11 12
12 7
12 8
12 9
12 10
12 11
13 14
13 15
13 16
13 17
14 13
14 15
14 16
14 17
15 13
15 14
15 16
15 17
16 13
16 14
16 15
16 17
17 13
17 14
17 15
17 16
18 19
18 20
18 21
19 18
19 20
19 21
20 18
20 19
20 21
21 18
21 19
21 20
22 23
22 24
23 22
23 24
24 22
24 23
25 26
26 25
1 7
7 1
2 8
2 13
8 2
8 13
13 2
13 8
3 9
3 14
3 18
9 3
9 14
9 18
14 3
14 9
14 18
18 3
18 9
18 14
4 10
4 15
4 19
4 22
10 4
10 15
10 19
10 22
15 4
15 10
15 19
15 22
19 4
19 10
19 15
19 22
22 4
22 10
22 15
22 19
5 11
5 16
5 20
5 23
5 25
11 5
11 16
11 20
11 23
11 25
16 5
16 11
16 20
16 23
16 25
20 5
20 11
20 16
20 23
20 25
23 5
23 11
23 16
23 20
23 25
25 5
25 11
25 16
25 20
25 23
6 12
6 17
6 21
6 24
6 26
6 27
12 6
12 17
12 21
12 24
12 26
12 27
17 6
17 12
17 21
17 24
17 26
17 27
21 6
21 12
21 17
21 24
21 26
21 27
24 6
24 12
24 17
24 21
24 26
24 27
26 6
26 12
26 17
26 21
26 24
26 27
27 6
27 12
27 17
27 21
27 24
27 26
0 35
35 0
0 36
36 0
0 37
37 0
0 38
38 0
0 39
39 0
0 40
40 0
1 41
41 1
1 42
42 1
1 43
43 1
1 44
44 1
1 45
45 1
7 41
41 7
7 42
42 7
7 43
43 7
7 44
44 7
7 45
45 7
2 46
46 2
2 47
47 2
2 48
48 2
2 49
49 2
8 46
46 8
8 47
47 8
8 48
48 8
8 49
49 8
13 46
46 13
13 47
47 13
13 48
48 13
13 49
49 13
3 50
50 3
3 51
51 3
3 52
52 3
9 50
50 9
9 51
51 9
9 52
52 9
14 50
50 14
14 51
51 14
14 52
52 14
18 50
50 18
18 51
51 18
18 52
52 18
4 53
53 4
4 54
54 4
10 53
53 10
10 54
54 10
15 53
53 15
15 54
54 15
19 53
53 19
19 54
54 19
22 53
53 22
22 54
54 22
5 55
55 5
11 55
55 11
16 55
55 16
20 55
55 20
23 55
55 23
25 55
55 25
7 28
28 7
8 28
28 8
9 28
28 9
10 28
28 10
11 28
28 11
12 28
28 12
13 29
29 13
13 35
35 13
14 29
29 14
14 35
35 14
15 29
29 15
15 35
35 15
16 29
29 16
16 35
35 16
17 29
29 17
17 35
35 17
18 30
30 18
18 36
36 18
18 41
41 18
19 30
30 19
19 36
36 19
19 41
41 19
20 30
30 20
20 36
36 20
20 41
41 20
21 30
30 21
21 36
36 21
21 41
41 21
22 31
31 22
22 37
37 22
22 42
42 22
22 46
46 22
23 31
31 23
23 37
37 23
23 42
42 23
23 46
46 23
24 31
31 24
24 37
37 24
24 42
42 24
24 46
46 24
25 32
32 25
25 38
38 25
25 43
43 25
25 47
47 25
25 50
50 25
26 32
32 26
26 38
38 26
26 43
43 26
26 47
47 26
26 50
50 26
27 33
33 27
27 39
39 27
27 44
44 27
27 48
48 27
27 51
51 27
27 53
53 27
0 29
29 0
0 30
30 0
0 31
31 0
0 32
32 0
0 33
33 0
0 34
34 0
1 28
28 1
1 30
30 1
1 31
31 1
1 32
32 1
1 33
33 1
1 34
34 1
2 28
28 2
2 29
29 2
2 31
31 2
2 32
32 2
2 33
33 2
2 34
34 2
3 28
28 3
3 29
29 3
3 30
30 3
3 32
32 3
3 33
33 3
3 34
34 3
4 28
28 4
4 29
29 4
4 30
30 4
4 31
31 4
4 33
33 4
4 34
34 4
5 28
28 5
5 29
29 5
5 30
30 5
5 31
31 5
5 32
32 5
5 34
34 5
6 28
28 6
6 29
29 6
6 30
30 6
6 31
31 6
6 32
32 6
6 33
33 6
7 36
36 7
7 37
37 7
7 38
38 7
7 39
39 7
7 40
40 7
8 35
35 8
8 37
37 8
8 38
38 8
8 39
39 8
8 40
40 8
9 35
35 9
9 36
36 9
9 38
38 9
9 39
39 9
9 40
40 9
10 35
35 10
10 36
36 10
10 37
37 10
10 39
39 10
10 40
40 10
11 35
35 11
11 36
36 11
11 37
37 11
11 38
38 11
11 40
40 11
12 35
35 12
12 36
36 12
12 37
37 12
12 38
38 12
12 39
39 12
13 42
42 13
13 43
43 13
13 44
44 13
13 45
45 13
14 41
41 14
14 43
43 14
14 44
44 14
14 45
45 14
15 41
41 15
15 42
42 15
15 44
44 15
15 45
45 15
16 41
41 16
16 42
42 16
16 43
43 16
16 45
45 16
17 41
41 17
17 42
42 17
17 43
43 17
17 44
44 17
18 47
47 18
18 48
48 18
18 49
49 18
19 46
46 19
19 48
48 19
19 49
49 19
20 46
46 20
20 47
47 20
20 49
49 20
21 46
46 21
21 47
47 21
21 48
48 21
22 51
51 22
22 52
52 22
23 50
50 23
23 52
52 23
24 50
50 24
24 51
51 24
25 54
54 25
26 53
53 26
1 35
35 1
7 29
29 7
2 36
36 2
2 41
41 2
8 30
30 8
8 41
41 8
13 30
30 13
13 36
36 13
3 37
37 3
3 42
42 3
3 46
46 3
9 31
31 9
9 42
42 9
9 46
46 9
14 31
31 14
14 37
37 14
14 46
46 14
18 31
31 18
18 37
37 18
18 42
42 18
4 38
38 4
4 43
43 4
4 47
47 4
4 50
50 4
10 32
32 10
10 43
43 10
10 47
47 10
10 50
50 10
15 32
32 15
15 38
38 15
15 47
47 15
15 50
50 15
19 32
32 19
19 38
38 19
19 43
43 19
19 50
50 19
22 32
32 22
22 38
38 22
22 43
43 22
22 47
47 22
5 39
39 5
5 44
44 5
5 48
48 5
5 51
51 5
5 53
53 5
11 33
33 11
11 44
44 11
11 48
48 11
11 51
51 11
11 53
53 11
16 33
33 16
16 39
39 16
16 48
48 16
16 51
51 16
16 53
53 16
20 33
33 20
20 39
39 20
20 44
44 20
20 51
51 20
20 53
53 20
23 33
33 23
23 39
39 23
23 44
44 23
23 48
48 23
23 53
53 23
25 33
33 25
25 39
39 25
25 44
44 25
25 48
48 25
25 51
51 25
6 40
40 6
6 45
45 6
6 49
49 6
6 52
52 6
6 54
54 6
6 55
55 6
12 34
34 12
12 45
45 12
12 49
49 12
12 52
52 12
12 54
54 12
12 55
55 12
17 34
34 17
17 40
40 17
17 49
49 17
17 52
52 17
17 54
54 17
17 55
55 17
21 34
34 21
21 40
40 21
21 45
45 21
21 52
52 21
21 54
54 21
21 55
55 21
24 34
34 24
24 40
40 24
24 45
45 24
24 49
49 24
24 54
54 24
24 55
55 24
26 34
34 26
26 40
40 26
26 45
45 26
26 49
49 26
26 52
52 26
26 55
55 26
27 34
34 27
27 40
40 27
27 45
45 27
27 49
49 27
27 52
52 27
27 54
54 27
0 28
28 0
1 29
29 1
2 30
30 2
3 31
31 3
4 32
32 4
5 33
33 5
6 34
34 6
7 35
35 7
8 36
36 8
9 37
37 9
10 38
38 10
11 39
39 11
12 40
40 12
13 41
41 13
14 42
42 14
15 43
43 15
16 44
44 16
17 45
45 17
18 46
46 18
19 47
47 19
20 48
48 20
21 49
49 21
22 50
50 22
23 51
51 23
24 52
52 24
25 53
53 25
26 54
54 26
27 55
55 27
0 56
56 0
1 56
56 1
2 56
56 2
3 56
56 3
4 56
56 4
5 56
56 5
6 56
56 6
7 56
56 7
8 56
56 8
9 56
56 9
10 56
56 10
11 56
56 11
12 56
56 12
1 57
57 1
7 57
57 7
2 57
57 2
3 57
57 3
4 57
57 4
5 57
57 5
6 57
57 6
8 57
57 8
9 57
57 9
10 57
57 10
11 57
57 11
12 57
57 12
13 57
57 13
14 57
57 14
15 57
57 15
16 57
57 16
17 57
57 17
2 58
58 2
8 58
58 8
13 58
58 13
3 58
58 3
4 58
58 4
5 58
58 5
6 58
58 6
9 58
58 9
10 58
58 10
11 58
58 11
12 58
58 12
14 58
58 14
15 58
58 15
16 58
58 16
17 58
58 17
18 58
58 18
19 58
58 19
20 58
58 20
21 58
58 21
3 59
59 3
9 59
59 9
14 59
59 14
18 59
59 18
4 59
59 4
5 59
59 5
6 59
59 6
10 59
59 10
11 59
59 11
12 59
59 12
15 59
59 15
16 59
59 16
17 59
59 17
19 59
59 19
20 59
59 20
21 59
59 21
22 59
59 22
23 59
59 23
24 59
59 24
4 60
60 4
10 60
60 10
15 60
60 15
19 60
60 19
22 60
60 22
5 60
60 5
6 60
60 6
11 60
60 11
12 60
60 12
16 60
60 16
17 60
60 17
20 60
60 20
21 60
60 21
23 60
60 23
24 60
60 24
25 60
60 25
26 60
60 26
5 61
61 5
11 61
61 11
16 61
61 16
20 61
61 20
23 61
61 23
25 61
61 25
6 61
61 6
12 61
61 12
17 61
61 17
21 61
61 21
24 61
61 24
26 61
61 26
27 61
61 27
6 62
62 6
12 62
62 12
17 62
62 17
21 62
62 21
24 62
62 24
26 62
62 26
27 62
62 27
28 35
28 36
28 37
28 38
28 39
28 40
29 41
29 42
29 43
29 44
29 45
35 41
35 42
35 43
35 44
35 45
30 46
30 47
30 48
30 49
36 46
36 47
36 48
36 49
41 46
41 47
41 48
41 49
31 50
31 51
31 52
37 50
37 51
37 52
42 50
42 51
42 52
46 50
46 51
46 52
32 53
32 54
38 53
38 54
43 53
43 54
47 53
47 54
50 53
50 54
33 55
39 55
44 55
48 55
51 55
53 55
35 28
36 28
37 28
38 28
39 28
40 28
41 29
41 35
42 29
42 35
43 29
43 35
44 29
44 35
45 29
45 35
46 30
46 36
46 41
47 30
47 36
47 41
48 30
48 36
48 41
49 30
49 36
49 41
50 31
50 37
50 42
50 46
51 31
51 37
51 42
51 46
52 31
52 37
52 42
52 46
53 32
53 38
53 43
53 47
53 50
54 32
54 38
54 43
54 47
54 50
55 33
55 39
55 44
55 48
55 51
55 53
28 29
28 30
28 31
28 32
28 33
28 34
29 28
29 30
29 31
29 32
29 33
29 34
30 28
30 29
30 31
30 32
30 33
30 34
31 28
31 29
31 30
31 32
31 33
31 34
32 28
32 29
32 30
32 31
32 33
32 34
33 28
33 29
33 30
33 31
33 32
33 34
34 28
34 29
34 30
34 31
34 32
34 33
35 36
35 37
35 38
35 39
35 40
36 35
36 37
36 38
36 39
36 40
37 35
37 36
37 38
37 39
37 40
38 35
38 36
38 37
38 39
38 40
39 35
39 36
39 37
39 38
39 40
40 35
40 36
40 37
40 38
40 39
41 42
41 43
41 44
41 45
42 41
42 43
42 44
42 45
43 41
43 42
43 44
43 45
44 41
44 42
44 43
44 45
45 41
45 42
45 43
45 44
46 47
46 48
46 49
47 46
47 48
47 49
48 46
48 47
48 49
49 46
49 47
49 48
50 51
50 52
51 50
51 52
52 50
52 51
53 54
54 53
29 35
35 29
30 36
30 41
36 30
36 41
41 30
41 36
31 37
31 42
31 46
37 31
37 42
37 46
42 31
42 37
42 46
46 31
46 37
46 42
32 38
32 43
32 47
32 50
38 32
38 43
38 47
38 50
43 32
43 38
43 47
43 50
47 32
47 38
47 43
47 50
50 32
50 38
50 43
50 47
33 39
33 44
33 48
33 51
33 53
39 33
39 44
39 48
39 51
39 53
44 33
44 39
44 48
44 51
44 53
48 33
48 39
48 44
48 51
48 53
51 33
51 39
51 44
51 48
51 53
53 33
53 39
53 44
53 48
53 51
34 40
34 45
34 49
34 52
34 54
34 55
40 34
40 45
40 49
40 52
40 54
40 55
45 34
45 40
45 49
45 52
45 54
45 55
49 34
49 40
49 45
49 52
49 54
49 55
52 34
52 40
52 45
52 49
52 54
52 55
54 34
54 40
54 45
54 49
54 52
54 55
55 34
55 40
55 45
55 49
55 52
55 54
28 56
56 28
29 56
56 29
30 56
56 30
31 56
56 31
32 56
56 32
33 56
56 33
34 56
56 34
35 56
56 35
36 56
56 36
37 56
56 37
38 56
56 38
39 56
56 39
40 56
56 40
29 57
57 29
35 57
57 35
30 57
57 30
31 57
57 31
32 57
57 32
33 57
57 33
34 57
57 34
36 57
57 36
37 57
57 37
38 57
57 38
39 57
57 39
40 57
57 40
41 57
57 41
42 57
57 42
43 57
57 43
44 57
57 44
45 57
57 45
30 58
58 30
36 58
58 36
41 58
58 41
31 58
58 31
32 58
58 32
33 58
58 33
34 58
58 34
37 58
58 37
38 58
58 38
39 58
58 39
40 58
58 40
42 58
58 42
43 58
58 43
44 58
58 44
45 58
58 45
46 58
58 46
47 58
58 47
48 58
58 48
49 58
58 49
31 59
59 31
37 59
59 37
42 59
59 42
46 59
59 46
32 59
59 32
33 59
59 33
34 59
59 34
38 59
59 38
39 59
59 39
40 59
59 40
43 59
59 43
44 59
59 44
45 59
59 45
47 59
59 47
48 59
59 48
49 59
59 49
50 59
59 50
51 59
59 51
52 59
59 52
32 60
60 32
38 60
60 38
43 60
60 43
47 60
60 47
50 60
60 50
33 60
60 33
34 60
60 34
39 60
60 39
40 60
60 40
44 60
60 44
45 60
60 45
48 60
60 48
49 60
60 49
51 60
60 51
52 60
60 52
53 60
60 53
54 60
60 54
33 61
61 33
39 61
61 39
44 61
61 44
48 61
61 48
51 61
61 51
53 61
61 53
34 61
61 34
40 61
61 40
45 61
61 45
49 61
61 49
52 61
61 52
54 61
61 54
55 61
61 55
34 62
62 34
40 62
62 40
45 62
62 45
49 62
62 49
52 62
62 52
54 62
62 54
55 62
62 55
