0 9 46
0 10 47
0 11 48
0 12 49
0 13 50
0 14 51
0 15 52
0 16 53
1 17 47
1 18 48
1 19 49
1 20 50
1 21 51
1 22 52
1 23 53
9 17 55
9 18 56
9 19 57
9 20 58
9 21 59
9 22 60
9 23 61
2 24 48
2 25 49
2 26 50
2 27 51
2 28 52
2 29 53
10 24 56
10 25 57
10 26 58
10 27 59
10 28 60
10 29 61
17 24 63
17 25 64
17 26 65
17 27 66
17 28 67
17 29 68
3 30 49
3 31 50
3 32 51
3 33 52
3 34 53
11 30 57
11 31 58
11 32 59
11 33 60
11 34 61
18 30 64
18 31 65
18 32 66
18 33 67
18 34 68
24 30 70
24 31 71
24 32 72
24 33 73
24 34 74
4 35 50
4 36 51
4 37 52
4 38 53
12 35 58
12 36 59
12 37 60
12 38 61
19 35 65
19 36 66
19 37 67
19 38 68
25 35 71
25 36 72
25 37 73
25 38 74
30 35 76
30 36 77
30 37 78
30 38 79
5 39 51
5 40 52
5 41 53
13 39 59
13 40 60
13 41 61
20 39 66
20 40 67
20 41 68
26 39 72
26 40 73
26 41 74
31 39 77
31 40 78
31 41 79
35 39 81
35 40 82
35 41 83
6 42 52
6 43 53
14 42 60
14 43 61
21 42 67
21 43 68
27 42 73
27 43 74
32 42 78
32 43 79
36 42 82
36 43 83
39 42 85
39 43 86
7 44 53
15 44 61
22 44 68
28 44 74
33 44 79
37 44 83
40 44 86
42 44 88
9 0 46
10 0 47
11 0 48
12 0 49
13 0 50
14 0 51
15 0 52
16 0 53
17 1 47
17 9 55
18 1 48
18 9 56
19 1 49
19 9 57
20 1 50
20 9 58
21 1 51
21 9 59
22 1 52
22 9 60
23 1 53
23 9 61
24 2 48
24 10 56
24 17 63
25 2 49
25 10 57
25 17 64
26 2 50
26 10 58
26 17 65
27 2 51
27 10 59
27 17 66
28 2 52
28 10 60
28 17 67
29 2 53
29 10 61
29 17 68
30 3 49
30 11 57
30 18 64
30 24 70
31 3 50
31 11 58
31 18 65
31 24 71
32 3 51
32 11 59
32 18 66
32 24 72
33 3 52
33 11 60
33 18 67
33 24 73
34 3 53
34 11 61
34 18 68
34 24 74
35 4 50
35 12 58
35 19 65
35 25 71
35 30 76
36 4 51
36 12 59
36 19 66
36 25 72
36 30 77
37 4 52
37 12 60
37 19 67
37 25 73
37 30 78
38 4 53
38 12 61
38 19 68
38 25 74
38 30 79
39 5 51
39 13 59
39 20 66
39 26 72
39 31 77
39 35 81
40 5 52
40 13 60
40 20 67
40 26 73
40 31 78
40 35 82
41 5 53
41 13 61
41 20 68
41 26 74
41 31 79
41 35 83
42 6 52
42 14 60
42 21 67
42 27 73
42 32 78
42 36 82
42 39 85
43 6 53
43 14 61
43 21 68
43 27 74
43 32 79
43 36 83
43 39 86
44 7 53
44 15 61
44 22 68
44 28 74
44 33 79
44 37 83
44 40 86
44 42 88
0 1 54
0 2 55
0 3 56
0 4 57
0 5 58
0 6 59
0 7 60
0 8 61
1 0 54
1 2 62
1 3 63
1 4 64
1 5 65
1 6 66
1 7 67
1 8 68
2 0 55
2 1 62
2 3 69
2 4 70
2 5 71
2 6 72
2 7 73
2 8 74
3 0 56
3 1 63
3 2 69
3 4 75
3 5 76
3 6 77
3 7 78
3 8 79
4 0 57
4 1 64
4 2 70
4 3 75
4 5 80
4 6 81
4 7 82
4 8 83
5 0 58
5 1 65
5 2 71
5 3 76
5 4 80
5 6 84
5 7 85
5 8 86
6 0 59
6 1 66
6 2 72
6 3 77
6 4 81
6 5 84
6 7 87
6 8 88
7 0 60
7 1 67
7 2 73
7 3 78
7 4 82
7 5 85
7 6 87
7 8 89
8 0 61
8 1 68
8 2 74
8 3 79
8 4 83
8 5 86
8 6 88
8 7 89
9 10 62
9 11 63
9 12 64
9 13 65
9 14 66
9 15 67
9 16 68
10 9 62
10 11 69
10 12 70
10 13 71
10 14 72
10 15 73
10 16 74
11 9 63
11 10 69
11 12 75
11 13 76
11 14 77
11 15 78
11 16 79
12 9 64
12 10 70
12 11 75
12 13 80
12 14 81
12 15 82
12 16 83
13 9 65
13 10 71
13 11 76
13 12 80
13 14 84
13 15 85
13 16 86
14 9 66
14 10 72
14 11 77
14 12 81
14 13 84
14 15 87
14 16 88
15 9 67
15 10 73
15 11 78
15 12 82
15 13 85
15 14 87
15 16 89
16 9 68
16 10 74
16 11 79
16 12 83
16 13 86
16 14 88
16 15 89
17 18 69
17 19 70
17 20 71
17 21 72
17 22 73
17 23 74
18 17 69
18 19 75
18 20 76
18 21 77
18 22 78
18 23 79
19 17 70
19 18 75
19 20 80
19 21 81
19 22 82
19 23 83
20 17 71
20 18 76
20 19 80
20 21 84
20 22 85
20 23 86
21 17 72
21 18 77
21 19 81
21 20 84
21 22 87
21 23 88
22 17 73
22 18 78
22 19 82
22 20 85
22 21 87
22 23 89
23 17 74
23 18 79
23 19 83
23 20 86
23 21 88
23 22 89
24 25 75
24 26 76
24 27 77
24 28 78
24 29 79
25 24 75
25 26 80
25 27 81
25 28 82
25 29 83
26 24 76
26 25 80
26 27 84
26 28 85
26 29 86
27 24 77
27 25 81
27 26 84
27 28 87
27 29 88
28 24 78
28 25 82
28 26 85
28 27 87
28 29 89
29 24 79
29 25 83
29 26 86
29 27 88
29 28 89
30 31 80
30 32 81
30 33 82
30 34 83
31 30 80
31 32 84
31 33 85
31 34 86
32 30 81
32 31 84
32 33 87
32 34 88
33 30 82
33 31 85
33 32 87
33 34 89
34 30 83
34 31 86
34 32 88
34 33 89
35 36 84
35 37 85
35 38 86
36 35 84
36 37 87
36 38 88
37 35 85
37 36 87
37 38 89
38 35 86
38 36 88
38 37 89
39 40 87
39 41 88
40 39 87
40 41 89
41 39 88
41 40 89
42 43 89
43 42 89
1 9 45
9 1 45
2 10 45
2 17 46
10 2 45
10 17 54
17 2 46
17 10 54
3 11 45
3 18 46
3 24 47
11 3 45
11 18 54
11 24 55
18 3 46
18 11 54
18 24 62
24 3 47
24 11 55
24 18 62
4 12 45
4 19 46
4 25 47
4 30 48
12 4 45
12 19 54
12 25 55
12 30 56
19 4 46
19 12 54
19 25 62
19 30 63
25 4 47
25 12 55
25 19 62
25 30 69
30 4 48
30 12 56
30 19 63
30 25 69
5 13 45
5 20 46
5 26 47
5 31 48
5 35 49
13 5 45
13 20 54
13 26 55
13 31 56
13 35 57
20 5 46
20 13 54
20 26 62
20 31 63
20 35 64
26 5 47
26 13 55
26 20 62
26 31 69
26 35 70
31 5 48
31 13 56
31 20 63
31 26 69
31 35 75
35 5 49
35 13 57
35 20 64
35 26 70
35 31 75
6 14 45
6 21 46
6 27 47
6 32 48
6 36 49
6 39 50
14 6 45
14 21 54
14 27 55
14 32 56
14 36 57
14 39 58
21 6 46
21 14 54
21 27 62
21 32 63
21 36 64
21 39 65
27 6 47
27 14 55
27 21 62
27 32 69
27 36 70
27 39 71
32 6 48
32 14 56
32 21 63
32 27 69
32 36 75
32 39 76
36 6 49
36 14 57
36 21 64
36 27 70
36 32 75
36 39 80
39 6 50
39 14 58
39 21 65
39 27 71
39 32 76
39 36 80
7 15 45
7 22 46
7 28 47
7 33 48
7 37 49
7 40 50
7 42 51
15 7 45
15 22 54
15 28 55
15 33 56
15 37 57
15 40 58
15 42 59
22 7 46
22 15 54
22 28 62
22 33 63
22 37 64
22 40 65
22 42 66
28 7 47
28 15 55
28 22 62
28 33 69
28 37 70
28 40 71
28 42 72
33 7 48
33 15 56
33 22 63
33 28 69
33 37 75
33 40 76
33 42 77
37 7 49
37 15 57
37 22 64
37 28 70
37 33 75
37 40 80
37 42 81
40 7 50
40 15 58
40 22 65
40 28 71
40 33 76
40 37 80
40 42 84
42 7 51
42 15 59
42 22 66
42 28 72
42 33 77
42 37 81
42 40 84
8 16 45
8 23 46
8 29 47
8 34 48
8 38 49
8 41 50
8 43 51
8 44 52
16 8 45
16 23 54
16 29 55
16 34 56
16 38 57
16 41 58
16 43 59
16 44 60
23 8 46
23 16 54
23 29 62
23 34 63
23 38 64
23 41 65
23 43 66
23 44 67
29 8 47
29 16 55
29 23 62
29 34 69
29 38 70
29 41 71
29 43 72
29 44 73
34 8 48
34 16 56
34 23 63
34 29 69
34 38 75
34 41 76
34 43 77
34 44 78
38 8 49
38 16 57
38 23 64
38 29 70
38 34 75
38 41 80
38 43 81
38 44 82
41 8 50
41 16 58
41 23 65
41 29 71
41 34 76
41 38 80
41 43 84
41 44 85
43 8 51
43 16 59
43 23 66
43 29 72
43 34 77
43 38 81
43 41 84
43 44 87
44 8 52
44 16 60
44 23 67
44 29 73
44 34 78
44 38 82
44 41 85
44 43 87
0 54 1
54 0 1
0 55 2
55 0 2
0 56 3
56 0 3
0 57 4
57 0 4
0 58 5
58 0 5
0 59 6
59 0 6
0 60 7
60 0 7
0 61 8
61 0 8
1 62 2
62 1 2
1 63 3
63 1 3
1 64 4
64 1 4
1 65 5
65 1 5
1 66 6
66 1 6
1 67 7
67 1 7
1 68 8
68 1 8
9 62 10
62 9 10
9 63 11
63 9 11
9 64 12
64 9 12
9 65 13
65 9 13
9 66 14
66 9 14
9 67 15
67 9 15
9 68 16
68 9 16
2 69 3
69 2 3
2 70 4
70 2 4
2 71 5
71 2 5
2 72 6
72 2 6
2 73 7
73 2 7
2 74 8
74 2 8
10 69 11
69 10 11
10 70 12
70 10 12
10 71 13
71 10 13
10 72 14
72 10 14
10 73 15
73 10 15
10 74 16
74 10 16
17 69 18
69 17 18
17 70 19
70 17 19
17 71 20
71 17 20
17 72 21
72 17 21
17 73 22
73 17 22
17 74 23
74 17 23
3 75 4
75 3 4
3 76 5
76 3 5
3 77 6
77 3 6
3 78 7
78 3 7
3 79 8
79 3 8
11 75 12
75 11 12
11 76 13
76 11 13
11 77 14
77 11 14
11 78 15
78 11 15
11 79 16
79 11 16
18 75 19
75 18 19
18 76 20
76 18 20
18 77 21
77 18 21
18 78 22
78 18 22
18 79 23
79 18 23
24 75 25
75 24 25
24 76 26
76 24 26
24 77 27
77 24 27
24 78 28
78 24 28
24 79 29
79 24 29
4 80 5
80 4 5
4 81 6
81 4 6
4 82 7
82 4 7
4 83 8
83 4 8
12 80 13
80 12 13
12 81 14
81 12 14
12 82 15
82 12 15
12 83 16
83 12 16
19 80 20
80 19 20
19 81 21
81 19 21
19 82 22
82 19 22
19 83 23
83 19 23
25 80 26
80 25 26
25 81 27
81 25 27
25 82 28
82 25 28
25 83 29
83 25 29
30 80 31
80 30 31
30 81 32
81 30 32
30 82 33
82 30 33
30 83 34
83 30 34
5 84 6
84 5 6
5 85 7
85 5 7
5 86 8
86 5 8
13 84 14
84 13 14
13 85 15
85 13 15
13 86 16
86 13 16
20 84 21
84 20 21
20 85 22
85 20 22
20 86 23
86 20 23
26 84 27
84 26 27
26 85 28
85 26 28
26 86 29
86 26 29
31 84 32
84 31 32
31 85 33
85 31 33
31 86 34
86 31 34
35 84 36
84 35 36
35 85 37
85 35 37
35 86 38
86 35 38
6 87 7
87 6 7
6 88 8
88 6 8
14 87 15
87 14 15
14 88 16
88 14 16
21 87 22
87 21 22
21 88 23
88 21 23
27 87 28
87 27 28
27 88 29
88 27 29
32 87 33
87 32 33
32 88 34
88 32 34
36 87 37
87 36 37
36 88 38
88 36 38
39 87 40
87 39 40
39 88 41
88 39 41
7 89 8
89 7 8
15 89 16
89 15 16
22 89 23
89 22 23
28 89 29
89 28 29
33 89 34
89 33 34
37 89 38
89 37 38
40 89 41
89 40 41
42 89 43
89 42 43
9 45 1
45 9 1
10 45 2
45 10 2
11 45 3
45 11 3
12 45 4
45 12 4
13 45 5
45 13 5
14 45 6
45 14 6
15 45 7
45 15 7
16 45 8
45 16 8
17 46 2
46 17 2
17 54 10
54 17 10
18 46 3
46 18 3
18 54 11
54 18 11
19 46 4
46 19 4
19 54 12
54 19 12
20 46 5
46 20 5
20 54 13
54 20 13
21 46 6
46 21 6
21 54 14
54 21 14
22 46 7
46 22 7
22 54 15
54 22 15
23 46 8
46 23 8
23 54 16
54 23 16
24 47 3
47 24 3
24 55 11
55 24 11
24 62 18
62 24 18
25 47 4
47 25 4
25 55 12
55 25 12
25 62 19
62 25 19
26 47 5
47 26 5
26 55 13
55 26 13
26 62 20
62 26 20
27 47 6
47 27 6
27 55 14
55 27 14
27 62 21
62 27 21
28 47 7
47 28 7
28 55 15
55 28 15
28 62 22
62 28 22
29 47 8
47 29 8
29 55 16
55 29 16
29 62 23
62 29 23
30 48 4
48 30 4
30 56 12
56 30 12
30 63 19
63 30 19
30 69 25
69 30 25
31 48 5
48 31 5
31 56 13
56 31 13
31 63 20
63 31 20
31 69 26
69 31 26
32 48 6
48 32 6
32 56 14
56 32 14
32 63 21
63 32 21
32 69 27
69 32 27
33 48 7
48 33 7
33 56 15
56 33 15
33 63 22
63 33 22
33 69 28
69 33 28
34 48 8
48 34 8
34 56 16
56 34 16
34 63 23
63 34 23
34 69 29
69 34 29
35 49 5
49 35 5
35 57 13
57 35 13
35 64 20
64 35 20
35 70 26
70 35 26
35 75 31
75 35 31
36 49 6
49 36 6
36 57 14
57 36 14
36 64 21
64 36 21
36 70 27
70 36 27
36 75 32
75 36 32
37 49 7
49 37 7
37 57 15
57 37 15
37 64 22
64 37 22
37 70 28
70 37 28
37 75 33
75 37 33
38 49 8
49 38 8
38 57 16
57 38 16
38 64 23
64 38 23
38 70 29
70 38 29
38 75 34
75 38 34
39 50 6
50 39 6
39 58 14
58 39 14
39 65 21
65 39 21
39 71 27
71 39 27
39 76 32
76 39 32
39 80 36
80 39 36
40 50 7
50 40 7
40 58 15
58 40 15
40 65 22
65 40 22
40 71 28
71 40 28
40 76 33
76 40 33
40 80 37
80 40 37
41 50 8
50 41 8
41 58 16
58 41 16
41 65 23
65 41 23
41 71 29
71 41 29
41 76 34
76 41 34
41 80 38
80 41 38
42 51 7
51 42 7
42 59 15
59 42 15
42 66 22
66 42 22
42 72 28
72 42 28
42 77 33
77 42 33
42 81 37
81 42 37
42 84 40
84 42 40
43 51 8
51 43 8
43 59 16
59 43 16
43 66 23
66 43 23
43 72 29
72 43 29
43 77 34
77 43 34
43 81 38
81 43 38
43 84 41
84 43 41
44 52 8
52 44 8
44 60 16
60 44 16
44 67 23
67 44 23
44 73 29
73 44 29
44 78 34
78 44 34
44 82 38
82 44 38
44 85 41
85 44 41
44 87 43
87 44 43
0 46 9
46 0 9
0 47 10
47 0 10
0 48 11
48 0 11
0 49 12
49 0 12
0 50 13
50 0 13
0 51 14
51 0 14
0 52 15
52 0 15
0 53 16
53 0 16
1 45 9
45 1 9
1 47 17
47 1 17
1 48 18
48 1 18
1 49 19
49 1 19
1 50 20
50 1 20
1 51 21
51 1 21
1 52 22
52 1 22
1 53 23
53 1 23
2 45 10
45 2 10
2 46 17
46 2 17
2 48 24
48 2 24
2 49 25
49 2 25
2 50 26
50 2 26
2 51 27
51 2 27
2 52 28
52 2 28
2 53 29
53 2 29
3 45 11
45 3 11
3 46 18
46 3 18
3 47 24
47 3 24
3 49 30
49 3 30
3 50 31
50 3 31
3 51 32
51 3 32
3 52 33
52 3 33
3 53 34
53 3 34
4 45 12
45 4 12
4 46 19
46 4 19
4 47 25
47 4 25
4 48 30
48 4 30
4 50 35
50 4 35
4 51 36
51 4 36
4 52 37
52 4 37
4 53 38
53 4 38
5 45 13
45 5 13
5 46 20
46 5 20
5 47 26
47 5 26
5 48 31
48 5 31
5 49 35
49 5 35
5 51 39
51 5 39
5 52 40
52 5 40
5 53 41
53 5 41
6 45 14
45 6 14
6 46 21
46 6 21
6 47 27
47 6 27
6 48 32
48 6 32
6 49 36
49 6 36
6 50 39
50 6 39
6 52 42
52 6 42
6 53 43
53 6 43
7 45 15
45 7 15
7 46 22
46 7 22
7 47 28
47 7 28
7 48 33
48 7 33
7 49 37
49 7 37
7 50 40
50 7 40
7 51 42
51 7 42
7 53 44
53 7 44
8 45 16
45 8 16
8 46 23
46 8 23
8 47 29
47 8 29
8 48 34
48 8 34
8 49 38
49 8 38
8 50 41
50 8 41
8 51 43
51 8 43
8 52 44
52 8 44
9 55 17
55 9 17
9 56 18
56 9 18
9 57 19
57 9 19
9 58 20
58 9 20
9 59 21
59 9 21
9 60 22
60 9 22
9 61 23
61 9 23
10 54 17
54 10 17
10 56 24
56 10 24
10 57 25
57 10 25
10 58 26
58 10 26
10 59 27
59 10 27
10 60 28
60 10 28
10 61 29
61 10 29
11 54 18
54 11 18
11 55 24
55 11 24
11 57 30
57 11 30
11 58 31
58 11 31
11 59 32
59 11 32
11 60 33
60 11 33
11 61 34
61 11 34
12 54 19
54 12 19
12 55 25
55 12 25
12 56 30
56 12 30
12 58 35
58 12 35
12 59 36
59 12 36
12 60 37
60 12 37
12 61 38
61 12 38
13 54 20
54 13 20
13 55 26
55 13 26
13 56 31
56 13 31
13 57 35
57 13 35
13 59 39
59 13 39
13 60 40
60 13 40
13 61 41
61 13 41
14 54 21
54 14 21
14 55 27
55 14 27
14 56 32
56 14 32
14 57 36
57 14 36
14 58 39
58 14 39
14 60 42
60 14 42
14 61 43
61 14 43
15 54 22
54 15 22
15 55 28
55 15 28
15 56 33
56 15 33
15 57 37
57 15 37
15 58 40
58 15 40
15 59 42
59 15 42
15 61 44
61 15 44
16 54 23
54 16 23
16 55 29
55 16 29
16 56 34
56 16 34
16 57 38
57 16 38
16 58 41
58 16 41
16 59 43
59 16 43
16 60 44
60 16 44
17 63 24
63 17 24
17 64 25
64 17 25
17 65 26
65 17 26
17 66 27
66 17 27
17 67 28
67 17 28
17 68 29
68 17 29
18 62 24
62 18 24
18 64 30
64 18 30
18 65 31
65 18 31
18 66 32
66 18 32
18 67 33
67 18 33
18 68 34
68 18 34
19 62 25
62 19 25
19 63 30
63 19 30
19 65 35
65 19 35
19 66 36
66 19 36
19 67 37
67 19 37
19 68 38
68 19 38
20 62 26
62 20 26
20 63 31
63 20 31
20 64 35
64 20 35
20 66 39
66 20 39
20 67 40
67 20 40
20 68 41
68 20 41
21 62 27
62 21 27
21 63 32
63 21 32
21 64 36
64 21 36
21 65 39
65 21 39
21 67 42
67 21 42
21 68 43
68 21 43
22 62 28
62 22 28
22 63 33
63 22 33
22 64 37
64 22 37
22 65 40
65 22 40
22 66 42
66 22 42
22 68 44
68 22 44
23 62 29
62 23 29
23 63 34
63 23 34
23 64 38
64 23 38
23 65 41
65 23 41
23 66 43
66 23 43
23 67 44
67 23 44
24 70 30
70 24 30
24 71 31
71 24 31
24 72 32
72 24 32
24 73 33
73 24 33
24 74 34
74 24 34
25 69 30
69 25 30
25 71 35
71 25 35
25 72 36
72 25 36
25 73 37
73 25 37
25 74 38
74 25 38
26 69 31
69 26 31
26 70 35
70 26 35
26 72 39
72 26 39
26 73 40
73 26 40
26 74 41
74 26 41
27 69 32
69 27 32
27 70 36
70 27 36
27 71 39
71 27 39
27 73 42
73 27 42
27 74 43
74 27 43
28 69 33
69 28 33
28 70 37
70 28 37
28 71 40
71 28 40
28 72 42
72 28 42
28 74 44
74 28 44
29 69 34
69 29 34
29 70 38
70 29 38
29 71 41
71 29 41
29 72 43
72 29 43
29 73 44
73 29 44
30 76 35
76 30 35
30 77 36
77 30 36
30 78 37
78 30 37
30 79 38
79 30 38
31 75 35
75 31 35
31 77 39
77 31 39
31 78 40
78 31 40
31 79 41
79 31 41
32 75 36
75 32 36
32 76 39
76 32 39
32 78 42
78 32 42
32 79 43
79 32 43
33 75 37
75 33 37
33 76 40
76 33 40
33 77 42
77 33 42
33 79 44
79 33 44
34 75 38
75 34 38
34 76 41
76 34 41
34 77 43
77 34 43
34 78 44
78 34 44
35 81 39
81 35 39
35 82 40
82 35 40
35 83 41
83 35 41
36 80 39
80 36 39
36 82 42
82 36 42
36 83 43
83 36 43
37 80 40
80 37 40
37 81 42
81 37 42
37 83 44
83 37 44
38 80 41
80 38 41
38 81 43
81 38 43
38 82 44
82 38 44
39 85 42
85 39 42
39 86 43
86 39 43
40 84 42
84 40 42
40 86 44
86 40 44
41 84 43
84 41 43
41 85 44
85 41 44
42 88 44
88 42 44
43 87 44
87 43 44
1 54 0
54 1 0
9 46 0
46 9 0
2 55 0
55 2 0
2 62 1
62 2 1
10 47 0
47 10 0
10 62 9
62 10 9
17 47 1
47 17 1
17 55 9
55 17 9
3 56 0
56 3 0
3 63 1
63 3 1
3 69 2
69 3 2
11 48 0
48 11 0
11 63 9
63 11 9
11 69 10
69 11 10
18 48 1
48 18 1
18 56 9
56 18 9
18 69 17
69 18 17
24 48 2
48 24 2
24 56 10
56 24 10
24 63 17
63 24 17
4 57 0
57 4 0
4 64 1
64 4 1
4 70 2
70 4 2
4 75 3
75 4 3
12 49 0
49 12 0
12 64 9
64 12 9
12 70 10
70 12 10
12 75 11
75 12 11
19 49 1
49 19 1
19 57 9
57 19 9
19 70 17
70 19 17
19 75 18
75 19 18
25 49 2
49 25 2
25 57 10
57 25 10
25 64 17
64 25 17
25 75 24
75 25 24
30 49 3
49 30 3
30 57 11
57 30 11
30 64 18
64 30 18
30 70 24
70 30 24
5 58 0
58 5 0
5 65 1
65 5 1
5 71 2
71 5 2
5 76 3
76 5 3
5 80 4
80 5 4
13 50 0
50 13 0
13 65 9
65 13 9
13 71 10
71 13 10
13 76 11
76 13 11
13 80 12
80 13 12
20 50 1
50 20 1
20 58 9
58 20 9
20 71 17
71 20 17
20 76 18
76 20 18
20 80 19
80 20 19
26 50 2
50 26 2
26 58 10
58 26 10
26 65 17
65 26 17
26 76 24
76 26 24
26 80 25
80 26 25
31 50 3
50 31 3
31 58 11
58 31 11
31 65 18
65 31 18
31 71 24
71 31 24
31 80 30
80 31 30
35 50 4
50 35 4
35 58 12
58 35 12
35 65 19
65 35 19
35 71 25
71 35 25
35 76 30
76 35 30
6 59 0
59 6 0
6 66 1
66 6 1
6 72 2
72 6 2
6 77 3
77 6 3
6 81 4
81 6 4
6 84 5
84 6 5
14 51 0
51 14 0
14 66 9
66 14 9
14 72 10
72 14 10
14 77 11
77 14 11
14 81 12
81 14 12
14 84 13
84 14 13
21 51 1
51 21 1
21 59 9
59 21 9
21 72 17
72 21 17
21 77 18
77 21 18
21 81 19
81 21 19
21 84 20
84 21 20
27 51 2
51 27 2
27 59 10
59 27 10
27 66 17
66 27 17
27 77 24
77 27 24
27 81 25
81 27 25
27 84 26
84 27 26
32 51 3
51 32 3
32 59 11
59 32 11
32 66 18
66 32 18
32 72 24
72 32 24
32 81 30
81 32 30
32 84 31
84 32 31
36 51 4
51 36 4
36 59 12
59 36 12
36 66 19
66 36 19
36 72 25
72 36 25
36 77 30
77 36 30
36 84 35
84 36 35
39 51 5
51 39 5
39 59 13
59 39 13
39 66 20
66 39 20
39 72 26
72 39 26
39 77 31
77 39 31
39 81 35
81 39 35
7 60 0
60 7 0
7 67 1
67 7 1
7 73 2
73 7 2
7 78 3
78 7 3
7 82 4
82 7 4
7 85 5
85 7 5
7 87 6
87 7 6
15 52 0
52 15 0
15 67 9
67 15 9
15 73 10
73 15 10
15 78 11
78 15 11
15 82 12
82 15 12
15 85 13
85 15 13
15 87 14
87 15 14
22 52 1
52 22 1
22 60 9
60 22 9
22 73 17
73 22 17
22 78 18
78 22 18
22 82 19
82 22 19
22 85 20
85 22 20
22 87 21
87 22 21
28 52 2
52 28 2
28 60 10
60 28 10
28 67 17
67 28 17
28 78 24
78 28 24
28 82 25
82 28 25
28 85 26
85 28 26
28 87 27
87 28 27
33 52 3
52 33 3
33 60 11
60 33 11
33 67 18
67 33 18
33 73 24
73 33 24
33 82 30
82 33 30
33 85 31
85 33 31
33 87 32
87 33 32
37 52 4
52 37 4
37 60 12
60 37 12
37 67 19
67 37 19
37 73 25
73 37 25
37 78 30
78 37 30
37 85 35
85 37 35
37 87 36
87 37 36
40 52 5
52 40 5
40 60 13
60 40 13
40 67 20
67 40 20
40 73 26
73 40 26
40 78 31
78 40 31
40 82 35
82 40 35
40 87 39
87 40 39
42 52 6
52 42 6
42 60 14
60 42 14
42 67 21
67 42 21
42 73 27
73 42 27
42 78 32
78 42 32
42 82 36
82 42 36
42 85 39
85 42 39
8 61 0
61 8 0
8 68 1
68 8 1
8 74 2
74 8 2
8 79 3
79 8 3
8 83 4
83 8 4
8 86 5
86 8 5
8 88 6
88 8 6
8 89 7
89 8 7
16 53 0
53 16 0
16 68 9
68 16 9
16 74 10
74 16 10
16 79 11
79 16 11
16 83 12
83 16 12
16 86 13
86 16 13
16 88 14
88 16 14
16 89 15
89 16 15
23 53 1
53 23 1
23 61 9
61 23 9
23 74 17
74 23 17
23 79 18
79 23 18
23 83 19
83 23 19
23 86 20
86 23 20
23 88 21
88 23 21
23 89 22
89 23 22
29 53 2
53 29 2
29 61 10
61 29 10
29 68 17
68 29 17
29 79 24
79 29 24
29 83 25
83 29 25
29 86 26
86 29 26
29 88 27
88 29 27
29 89 28
89 29 28
34 53 3
53 34 3
34 61 11
61 34 11
34 68 18
68 34 18
34 74 24
74 34 24
34 83 30
83 34 30
34 86 31
86 34 31
34 88 32
88 34 32
34 89 33
89 34 33
38 53 4
53 38 4
38 61 12
61 38 12
38 68 19
68 38 19
38 74 25
74 38 25
38 79 30
79 38 30
38 86 35
86 38 35
38 88 36
88 38 36
38 89 37
89 38 37
41 53 5
53 41 5
41 61 13
61 41 13
41 68 20
68 41 20
41 74 26
74 41 26
41 79 31
79 41 31
41 83 35
83 41 35
41 88 39
88 41 39
41 89 40
89 41 40
43 53 6
53 43 6
43 61 14
61 43 14
43 68 21
68 43 21
43 74 27
74 43 27
43 79 32
79 43 32
43 83 36
83 43 36
43 86 39
86 43 39
43 89 42
89 43 42
44 53 7
53 44 7
44 61 15
61 44 15
44 68 22
68 44 22
44 74 28
74 44 28
44 79 33
79 44 33
44 83 37
83 44 37
44 86 40
86 44 40
44 88 42
88 44 42
0 45 90
45 0 90
1 46 90
1 46 91
46 1 90
46 1 91
2 47 90
2 47 91
2 47 92
47 2 90
47 2 91
47 2 92
3 48 90
3 48 91
3 48 92
3 48 93
48 3 90
48 3 91
48 3 92
48 3 93
4 49 90
4 49 91
4 49 92
4 49 93
4 49 94
49 4 90
49 4 91
49 4 92
49 4 93
49 4 94
5 50 90
5 50 91
5 50 92
5 50 93
5 50 94
5 50 95
50 5 90
50 5 91
50 5 92
50 5 93
50 5 94
50 5 95
6 51 90
6 51 91
6 51 92
6 51 93
6 51 94
6 51 95
6 51 96
51 6 90
51 6 91
51 6 92
51 6 93
51 6 94
51 6 95
51 6 96
7 52 90
7 52 91
7 52 92
7 52 93
7 52 94
7 52 95
7 52 96
7 52 97
52 7 90
52 7 91
52 7 92
52 7 93
52 7 94
52 7 95
52 7 96
52 7 97
8 53 90
8 53 91
8 53 92
8 53 93
8 53 94
8 53 95
8 53 96
8 53 97
8 53 98
53 8 90
53 8 91
53 8 92
53 8 93
53 8 94
53 8 95
53 8 96
53 8 97
53 8 98
9 54 90
9 54 91
54 9 90
54 9 91
10 55 90
10 55 91
10 55 92
55 10 90
55 10 91
55 10 92
11 56 90
11 56 91
11 56 92
11 56 93
56 11 90
56 11 91
56 11 92
56 11 93
12 57 90
12 57 91
12 57 92
12 57 93
12 57 94
57 12 90
57 12 91
57 12 92
57 12 93
57 12 94
13 58 90
13 58 91
13 58 92
13 58 93
13 58 94
13 58 95
58 13 90
58 13 91
58 13 92
58 13 93
58 13 94
58 13 95
14 59 90
14 59 91
14 59 92
14 59 93
14 59 94
14 59 95
14 59 96
59 14 90
59 14 91
59 14 92
59 14 93
59 14 94
59 14 95
59 14 96
15 60 90
15 60 91
15 60 92
15 60 93
15 60 94
15 60 95
15 60 96
15 60 97
60 15 90
60 15 91
60 15 92
60 15 93
60 15 94
60 15 95
60 15 96
60 15 97
16 61 90
16 61 91
16 61 92
16 61 93
16 61 94
16 61 95
16 61 96
16 61 97
16 61 98
61 16 90
61 16 91
61 16 92
61 16 93
61 16 94
61 16 95
61 16 96
61 16 97
61 16 98
17 62 91
17 62 92
62 17 91
62 17 92
18 63 91
18 63 92
18 63 93
63 18 91
63 18 92
63 18 93
19 64 91
19 64 92
19 64 93
19 64 94
64 19 91
64 19 92
64 19 93
64 19 94
20 65 91
20 65 92
20 65 93
20 65 94
20 65 95
65 20 91
65 20 92
65 20 93
65 20 94
65 20 95
21 66 91
21 66 92
21 66 93
21 66 94
21 66 95
21 66 96
66 21 91
66 21 92
66 21 93
66 21 94
66 21 95
66 21 96
22 67 91
22 67 92
22 67 93
22 67 94
22 67 95
22 67 96
22 67 97
67 22 91
67 22 92
67 22 93
67 22 94
67 22 95
67 22 96
67 22 97
23 68 91
23 68 92
23 68 93
23 68 94
23 68 95
23 68 96
23 68 97
23 68 98
68 23 91
68 23 92
68 23 93
68 23 94
68 23 95
68 23 96
68 23 97
68 23 98
24 69 92
24 69 93
69 24 92
69 24 93
25 70 92
25 70 93
25 70 94
70 25 92
70 25 93
70 25 94
26 71 92
26 71 93
26 71 94
26 71 95
71 26 92
71 26 93
71 26 94
71 26 95
27 72 92
27 72 93
27 72 94
27 72 95
27 72 96
72 27 92
72 27 93
72 27 94
72 27 95
72 27 96
28 73 92
28 73 93
28 73 94
28 73 95
28 73 96
28 73 97
73 28 92
73 28 93
73 28 94
73 28 95
73 28 96
73 28 97
29 74 92
29 74 93
29 74 94
29 74 95
29 74 96
29 74 97
29 74 98
74 29 92
74 29 93
74 29 94
74 29 95
74 29 96
74 29 97
74 29 98
30 75 93
30 75 94
75 30 93
75 30 94
31 76 93
31 76 94
31 76 95
76 31 93
76 31 94
76 31 95
32 77 93
32 77 94
32 77 95
32 77 96
77 32 93
77 32 94
77 32 95
77 32 96
33 78 93
33 78 94
33 78 95
33 78 96
33 78 97
78 33 93
78 33 94
78 33 95
78 33 96
78 33 97
34 79 93
34 79 94
34 79 95
34 79 96
34 79 97
34 79 98
79 34 93
79 34 94
79 34 95
79 34 96
79 34 97
79 34 98
35 80 94
35 80 95
80 35 94
80 35 95
36 81 94
36 81 95
36 81 96
81 36 94
81 36 95
81 36 96
37 82 94
37 82 95
37 82 96
37 82 97
82 37 94
82 37 95
82 37 96
82 37 97
38 83 94
38 83 95
38 83 96
38 83 97
38 83 98
83 38 94
83 38 95
83 38 96
83 38 97
83 38 98
39 84 95
39 84 96
84 39 95
84 39 96
40 85 95
40 85 96
40 85 97
85 40 95
85 40 96
85 40 97
41 86 95
41 86 96
41 86 97
41 86 98
86 41 95
86 41 96
86 41 97
86 41 98
42 87 96
42 87 97
87 42 96
87 42 97
43 88 96
43 88 97
43 88 98
88 43 96
88 43 97
88 43 98
44 89 97
44 89 98
89 44 97
89 44 98
0 90 45
90 0 45
1 90 46
90 1 46
2 90 47
90 2 47
3 90 48
90 3 48
4 90 49
90 4 49
5 90 50
90 5 50
6 90 51
90 6 51
7 90 52
90 7 52
8 90 53
90 8 53
9 90 54
90 9 54
10 90 55
90 10 55
11 90 56
90 11 56
12 90 57
90 12 57
13 90 58
90 13 58
14 90 59
90 14 59
15 90 60
90 15 60
16 90 61
90 16 61
1 91 46
91 1 46
9 91 54
91 9 54
2 91 47
91 2 47
3 91 48
91 3 48
4 91 49
91 4 49
5 91 50
91 5 50
6 91 51
91 6 51
7 91 52
91 7 52
8 91 53
91 8 53
10 91 55
91 10 55
11 91 56
91 11 56
12 91 57
91 12 57
13 91 58
91 13 58
14 91 59
91 14 59
15 91 60
91 15 60
16 91 61
91 16 61
17 91 62
91 17 62
18 91 63
91 18 63
19 91 64
91 19 64
20 91 65
91 20 65
21 91 66
91 21 66
22 91 67
91 22 67
23 91 68
91 23 68
2 92 47
92 2 47
10 92 55
92 10 55
17 92 62
92 17 62
3 92 48
92 3 48
4 92 49
92 4 49
5 92 50
92 5 50
6 92 51
92 6 51
7 92 52
92 7 52
8 92 53
92 8 53
11 92 56
92 11 56
12 92 57
92 12 57
13 92 58
92 13 58
14 92 59
92 14 59
15 92 60
92 15 60
16 92 61
92 16 61
18 92 63
92 18 63
19 92 64
92 19 64
20 92 65
92 20 65
21 92 66
92 21 66
22 92 67
92 22 67
23 92 68
92 23 68
24 92 69
92 24 69
25 92 70
92 25 70
26 92 71
92 26 71
27 92 72
92 27 72
28 92 73
92 28 73
29 92 74
92 29 74
3 93 48
93 3 48
11 93 56
93 11 56
18 93 63
93 18 63
24 93 69
93 24 69
4 93 49
93 4 49
5 93 50
93 5 50
6 93 51
93 6 51
7 93 52
93 7 52
8 93 53
93 8 53
12 93 57
93 12 57
13 93 58
93 13 58
14 93 59
93 14 59
15 93 60
93 15 60
16 93 61
93 16 61
19 93 64
93 19 64
20 93 65
93 20 65
21 93 66
93 21 66
22 93 67
93 22 67
23 93 68
93 23 68
25 93 70
93 25 70
26 93 71
93 26 71
27 93 72
93 27 72
28 93 73
93 28 73
29 93 74
93 29 74
30 93 75
93 30 75
31 93 76
93 31 76
32 93 77
93 32 77
33 93 78
93 33 78
34 93 79
93 34 79
4 94 49
94 4 49
12 94 57
94 12 57
19 94 64
94 19 64
25 94 70
94 25 70
30 94 75
94 30 75
5 94 50
94 5 50
6 94 51
94 6 51
7 94 52
94 7 52
8 94 53
94 8 53
13 94 58
94 13 58
14 94 59
94 14 59
15 94 60
94 15 60
16 94 61
94 16 61
20 94 65
94 20 65
21 94 66
94 21 66
22 94 67
94 22 67
23 94 68
94 23 68
26 94 71
94 26 71
27 94 72
94 27 72
28 94 73
94 28 73
29 94 74
94 29 74
31 94 76
94 31 76
32 94 77
94 32 77
33 94 78
94 33 78
34 94 79
94 34 79
35 94 80
94 35 80
36 94 81
94 36 81
37 94 82
94 37 82
38 94 83
94 38 83
5 95 50
95 5 50
13 95 58
95 13 58
20 95 65
95 20 65
26 95 71
95 26 71
31 95 76
95 31 76
35 95 80
95 35 80
6 95 51
95 6 51
7 95 52
95 7 52
8 95 53
95 8 53
14 95 59
95 14 59
15 95 60
95 15 60
16 95 61
95 16 61
21 95 66
95 21 66
22 95 67
95 22 67
23 95 68
95 23 68
27 95 72
95 27 72
28 95 73
95 28 73
29 95 74
95 29 74
32 95 77
95 32 77
33 95 78
95 33 78
34 95 79
95 34 79
36 95 81
95 36 81
37 95 82
95 37 82
38 95 83
95 38 83
39 95 84
95 39 84
40 95 85
95 40 85
41 95 86
95 41 86
6 96 51
96 6 51
14 96 59
96 14 59
21 96 66
96 21 66
27 96 72
96 27 72
32 96 77
96 32 77
36 96 81
96 36 81
39 96 84
96 39 84
7 96 52
96 7 52
8 96 53
96 8 53
15 96 60
96 15 60
16 96 61
96 16 61
22 96 67
96 22 67
23 96 68
96 23 68
28 96 73
96 28 73
29 96 74
96 29 74
33 96 78
96 33 78
34 96 79
96 34 79
37 96 82
96 37 82
38 96 83
96 38 83
40 96 85
96 40 85
41 96 86
96 41 86
42 96 87
96 42 87
43 96 88
96 43 88
7 97 52
97 7 52
15 97 60
97 15 60
22 97 67
97 22 67
28 97 73
97 28 73
33 97 78
97 33 78
37 97 82
97 37 82
40 97 85
97 40 85
42 97 87
97 42 87
8 97 53
97 8 53
16 97 61
97 16 61
23 97 68
97 23 68
29 97 74
97 29 74
34 97 79
97 34 79
38 97 83
97 38 83
41 97 86
97 41 86
43 97 88
97 43 88
44 97 89
97 44 89
8 98 53
98 8 53
16 98 61
98 16 61
23 98 68
98 23 68
29 98 74
98 29 74
34 98 79
98 34 79
38 98 83
98 38 83
41 98 86
98 41 86
43 98 88
98 43 88
44 98 89
98 44 89
45 54 46
45 55 47
45 56 48
45 57 49
45 58 50
45 59 51
45 60 52
45 61 53
46 62 47
46 63 48
46 64 49
46 65 50
46 66 51
46 67 52
46 68 53
54 62 55
54 63 56
54 64 57
54 65 58
54 66 59
54 67 60
54 68 61
47 69 48
47 70 49
47 71 50
47 72 51
47 73 52
47 74 53
55 69 56
55 70 57
55 71 58
55 72 59
55 73 60
55 74 61
62 69 63
62 70 64
62 71 65
62 72 66
62 73 67
62 74 68
48 75 49
48 76 50
48 77 51
48 78 52
48 79 53
56 75 57
56 76 58
56 77 59
56 78 60
56 79 61
63 75 64
63 76 65
63 77 66
63 78 67
63 79 68
69 75 70
69 76 71
69 77 72
69 78 73
69 79 74
49 80 50
49 81 51
49 82 52
49 83 53
57 80 58
57 81 59
57 82 60
57 83 61
64 80 65
64 81 66
64 82 67
64 83 68
70 80 71
70 81 72
70 82 73
70 83 74
75 80 76
75 81 77
75 82 78
75 83 79
50 84 51
50 85 52
50 86 53
58 84 59
58 85 60
58 86 61
65 84 66
65 85 67
65 86 68
71 84 72
71 85 73
71 86 74
76 84 77
76 85 78
76 86 79
80 84 81
80 85 82
80 86 83
51 87 52
51 88 53
59 87 60
59 88 61
66 87 67
66 88 68
72 87 73
72 88 74
77 87 78
77 88 79
81 87 82
81 88 83
84 87 85
84 88 86
52 89 53
60 89 61
67 89 68
73 89 74
78 89 79
82 89 83
85 89 86
87 89 88
54 45 46
55 45 47
56 45 48
57 45 49
58 45 50
59 45 51
60 45 52
61 45 53
62 46 47
62 54 55
63 46 48
63 54 56
64 46 49
64 54 57
65 46 50
65 54 58
66 46 51
66 54 59
67 46 52
67 54 60
68 46 53
68 54 61
69 47 48
69 55 56
69 62 63
70 47 49
70 55 57
70 62 64
71 47 50
71 55 58
71 62 65
72 47 51
72 55 59
72 62 66
73 47 52
73 55 60
73 62 67
74 47 53
74 55 61
74 62 68
75 48 49
75 56 57
75 63 64
75 69 70
76 48 50
76 56 58
76 63 65
76 69 71
77 48 51
77 56 59
77 63 66
77 69 72
78 48 52
78 56 60
78 63 67
78 69 73
79 48 53
79 56 61
79 63 68
79 69 74
80 49 50
80 57 58
80 64 65
80 70 71
80 75 76
81 49 51
81 57 59
81 64 66
81 70 72
81 75 77
82 49 52
82 57 60
82 64 67
82 70 73
82 75 78
83 49 53
83 57 61
83 64 68
83 70 74
83 75 79
84 50 51
84 58 59
84 65 66
84 71 72
84 76 77
84 80 81
85 50 52
85 58 60
85 65 67
85 71 73
85 76 78
85 80 82
86 50 53
86 58 61
86 65 68
86 71 74
86 76 79
86 80 83
87 51 52
87 59 60
87 66 67
87 72 73
87 77 78
87 81 82
87 84 85
88 51 53
88 59 61
88 66 68
88 72 74
88 77 79
88 81 83
88 84 86
89 52 53
89 60 61
89 67 68
89 73 74
89 78 79
89 82 83
89 85 86
89 87 88
45 46 54
45 47 55
45 48 56
45 49 57
45 50 58
45 51 59
45 52 60
45 53 61
46 45 54
46 47 62
46 48 63
46 49 64
46 50 65
46 51 66
46 52 67
46 53 68
47 45 55
47 46 62
47 48 69
47 49 70
47 50 71
47 51 72
47 52 73
47 53 74
48 45 56
48 46 63
48 47 69
48 49 75
48 50 76
48 51 77
48 52 78
48 53 79
49 45 57
49 46 64
49 47 70
49 48 75
49 50 80
49 51 81
49 52 82
49 53 83
50 45 58
50 46 65
50 47 71
50 48 76
50 49 80
50 51 84
50 52 85
50 53 86
51 45 59
51 46 66
51 47 72
51 48 77
51 49 81
51 50 84
51 52 87
51 53 88
52 45 60
52 46 67
52 47 73
52 48 78
52 49 82
52 50 85
52 51 87
52 53 89
53 45 61
53 46 68
53 47 74
53 48 79
53 49 83
53 50 86
53 51 88
53 52 89
54 55 62
54 56 63
54 57 64
54 58 65
54 59 66
54 60 67
54 61 68
55 54 62
55 56 69
55 57 70
55 58 71
55 59 72
55 60 73
55 61 74
56 54 63
56 55 69
56 57 75
56 58 76
56 59 77
56 60 78
56 61 79
57 54 64
57 55 70
57 56 75
57 58 80
57 59 81
57 60 82
57 61 83
58 54 65
58 55 71
58 56 76
58 57 80
58 59 84
58 60 85
58 61 86
59 54 66
59 55 72
59 56 77
59 57 81
59 58 84
59 60 87
59 61 88
60 54 67
60 55 73
60 56 78
60 57 82
60 58 85
60 59 87
60 61 89
61 54 68
61 55 74
61 56 79
61 57 83
61 58 86
61 59 88
61 60 89
62 63 69
62 64 70
62 65 71
62 66 72
62 67 73
62 68 74
63 62 69
63 64 75
63 65 76
63 66 77
63 67 78
63 68 79
64 62 70
64 63 75
64 65 80
64 66 81
64 67 82
64 68 83
65 62 71
65 63 76
65 64 80
65 66 84
65 67 85
65 68 86
66 62 72
66 63 77
66 64 81
66 65 84
66 67 87
66 68 88
67 62 73
67 63 78
67 64 82
67 65 85
67 66 87
67 68 89
68 62 74
68 63 79
68 64 83
68 65 86
68 66 88
68 67 89
69 70 75
69 71 76
69 72 77
69 73 78
69 74 79
70 69 75
70 71 80
70 72 81
70 73 82
70 74 83
71 69 76
71 70 80
71 72 84
71 73 85
71 74 86
72 69 77
72 70 81
72 71 84
72 73 87
72 74 88
73 69 78
73 70 82
73 71 85
73 72 87
73 74 89
74 69 79
74 70 83
74 71 86
74 72 88
74 73 89
75 76 80
75 77 81
75 78 82
75 79 83
76 75 80
76 77 84
76 78 85
76 79 86
77 75 81
77 76 84
77 78 87
77 79 88
78 75 82
78 76 85
78 77 87
78 79 89
79 75 83
79 76 86
79 77 88
79 78 89
80 81 84
80 82 85
80 83 86
81 80 84
81 82 87
81 83 88
82 80 85
82 81 87
82 83 89
83 80 86
83 81 88
83 82 89
84 85 87
84 86 88
85 84 87
85 86 89
86 84 88
86 85 89
87 88 89
88 87 89
46 54 45
54 46 45
47 55 45
47 62 46
55 47 45
55 62 54
62 47 46
62 55 54
48 56 45
48 63 46
48 69 47
56 48 45
56 63 54
56 69 55
63 48 46
63 56 54
63 69 62
69 48 47
69 56 55
69 63 62
49 57 45
49 64 46
49 70 47
49 75 48
57 49 45
57 64 54
57 70 55
57 75 56
64 49 46
64 57 54
64 70 62
64 75 63
70 49 47
70 57 55
70 64 62
70 75 69
75 49 48
75 57 56
75 64 63
75 70 69
50 58 45
50 65 46
50 71 47
50 76 48
50 80 49
58 50 45
58 65 54
58 71 55
58 76 56
58 80 57
65 50 46
65 58 54
65 71 62
65 76 63
65 80 64
71 50 47
71 58 55
71 65 62
71 76 69
71 80 70
76 50 48
76 58 56
76 65 63
76 71 69
76 80 75
80 50 49
80 58 57
80 65 64
80 71 70
80 76 75
51 59 45
51 66 46
51 72 47
51 77 48
51 81 49
51 84 50
59 51 45
59 66 54
59 72 55
59 77 56
59 81 57
59 84 58
66 51 46
66 59 54
66 72 62
66 77 63
66 81 64
66 84 65
72 51 47
72 59 55
72 66 62
72 77 69
72 81 70
72 84 71
77 51 48
77 59 56
77 66 63
77 72 69
77 81 75
77 84 76
81 51 49
81 59 57
81 66 64
81 72 70
81 77 75
81 84 80
84 51 50
84 59 58
84 66 65
84 72 71
84 77 76
84 81 80
52 60 45
52 67 46
52 73 47
52 78 48
52 82 49
52 85 50
52 87 51
60 52 45
60 67 54
60 73 55
60 78 56
60 82 57
60 85 58
60 87 59
67 52 46
67 60 54
67 73 62
67 78 63
67 82 64
67 85 65
67 87 66
73 52 47
73 60 55
73 67 62
73 78 69
73 82 70
73 85 71
73 87 72
78 52 48
78 60 56
78 67 63
78 73 69
78 82 75
78 85 76
78 87 77
82 52 49
82 60 57
82 67 64
82 73 70
82 78 75
82 85 80
82 87 81
85 52 50
85 60 58
85 67 65
85 73 71
85 78 76
85 82 80
85 87 84
87 52 51
87 60 59
87 67 66
87 73 72
87 78 77
87 82 81
87 85 84
53 61 45
53 68 46
53 74 47
53 79 48
53 83 49
53 86 50
53 88 51
53 89 52
61 53 45
61 68 54
61 74 55
61 79 56
61 83 57
61 86 58
61 88 59
61 89 60
68 53 46
68 61 54
68 74 62
68 79 63
68 83 64
68 86 65
68 88 66
68 89 67
74 53 47
74 61 55
74 68 62
74 79 69
74 83 70
74 86 71
74 88 72
74 89 73
79 53 48
79 61 56
79 68 63
79 74 69
79 83 75
79 86 76
79 88 77
79 89 78
83 53 49
83 61 57
83 68 64
83 74 70
83 79 75
83 86 80
83 88 81
83 89 82
86 53 50
86 61 58
86 68 65
86 74 71
86 79 76
86 83 80
86 88 84
86 89 85
88 53 51
88 61 59
88 68 66
88 74 72
88 79 77
88 83 81
88 86 84
88 89 87
89 53 52
89 61 60
89 68 67
89 74 73
89 79 78
89 83 82
89 86 85
89 88 87
45 90 0
90 45 0
46 90 1
90 46 1
47 90 2
90 47 2
48 90 3
90 48 3
49 90 4
90 49 4
50 90 5
90 50 5
51 90 6
90 51 6
52 90 7
90 52 7
53 90 8
90 53 8
54 90 9
90 54 9
55 90 10
90 55 10
56 90 11
90 56 11
57 90 12
90 57 12
58 90 13
90 58 13
59 90 14
90 59 14
60 90 15
90 60 15
61 90 16
90 61 16
46 91 1
91 46 1
54 91 9
91 54 9
47 91 2
91 47 2
48 91 3
91 48 3
49 91 4
91 49 4
50 91 5
91 50 5
51 91 6
91 51 6
52 91 7
91 52 7
53 91 8
91 53 8
55 91 10
91 55 10
56 91 11
91 56 11
57 91 12
91 57 12
58 91 13
91 58 13
59 91 14
91 59 14
60 91 15
91 60 15
61 91 16
91 61 16
62 91 17
91 62 17
63 91 18
91 63 18
64 91 19
91 64 19
65 91 20
91 65 20
66 91 21
91 66 21
67 91 22
91 67 22
68 91 23
91 68 23
47 92 2
92 47 2
55 92 10
92 55 10
62 92 17
92 62 17
48 92 3
92 48 3
49 92 4
92 49 4
50 92 5
92 50 5
51 92 6
92 51 6
52 92 7
92 52 7
53 92 8
92 53 8
56 92 11
92 56 11
57 92 12
92 57 12
58 92 13
92 58 13
59 92 14
92 59 14
60 92 15
92 60 15
61 92 16
92 61 16
63 92 18
92 63 18
64 92 19
92 64 19
65 92 20
92 65 20
66 92 21
92 66 21
67 92 22
92 67 22
68 92 23
92 68 23
69 92 24
92 69 24
70 92 25
92 70 25
71 92 26
92 71 26
72 92 27
92 72 27
73 92 28
92 73 28
74 92 29
92 74 29
48 93 3
93 48 3
56 93 11
93 56 11
63 93 18
93 63 18
69 93 24
93 69 24
49 93 4
93 49 4
50 93 5
93 50 5
51 93 6
93 51 6
52 93 7
93 52 7
53 93 8
93 53 8
57 93 12
93 57 12
58 93 13
93 58 13
59 93 14
93 59 14
60 93 15
93 60 15
61 93 16
93 61 16
64 93 19
93 64 19
65 93 20
93 65 20
66 93 21
93 66 21
67 93 22
93 67 22
68 93 23
93 68 23
70 93 25
93 70 25
71 93 26
93 71 26
72 93 27
93 72 27
73 93 28
93 73 28
74 93 29
93 74 29
75 93 30
93 75 30
76 93 31
93 76 31
77 93 32
93 77 32
78 93 33
93 78 33
79 93 34
93 79 34
49 94 4
94 49 4
57 94 12
94 57 12
64 94 19
94 64 19
70 94 25
94 70 25
75 94 30
94 75 30
50 94 5
94 50 5
51 94 6
94 51 6
52 94 7
94 52 7
53 94 8
94 53 8
58 94 13
94 58 13
59 94 14
94 59 14
60 94 15
94 60 15
61 94 16
94 61 16
65 94 20
94 65 20
66 94 21
94 66 21
67 94 22
94 67 22
68 94 23
94 68 23
71 94 26
94 71 26
72 94 27
94 72 27
73 94 28
94 73 28
74 94 29
94 74 29
76 94 31
94 76 31
77 94 32
94 77 32
78 94 33
94 78 33
79 94 34
94 79 34
80 94 35
94 80 35
81 94 36
94 81 36
82 94 37
94 82 37
83 94 38
94 83 38
50 95 5
95 50 5
58 95 13
95 58 13
65 95 20
95 65 20
71 95 26
95 71 26
76 95 31
95 76 31
80 95 35
95 80 35
51 95 6
95 51 6
52 95 7
95 52 7
53 95 8
95 53 8
59 95 14
95 59 14
60 95 15
95 60 15
61 95 16
95 61 16
66 95 21
95 66 21
67 95 22
95 67 22
68 95 23
95 68 23
72 95 27
95 72 27
73 95 28
95 73 28
74 95 29
95 74 29
77 95 32
95 77 32
78 95 33
95 78 33
79 95 34
95 79 34
81 95 36
95 81 36
82 95 37
95 82 37
83 95 38
95 83 38
84 95 39
95 84 39
85 95 40
95 85 40
86 95 41
95 86 41
51 96 6
96 51 6
59 96 14
96 59 14
66 96 21
96 66 21
72 96 27
96 72 27
77 96 32
96 77 32
81 96 36
96 81 36
84 96 39
96 84 39
52 96 7
96 52 7
53 96 8
96 53 8
60 96 15
96 60 15
61 96 16
96 61 16
67 96 22
96 67 22
68 96 23
96 68 23
73 96 28
96 73 28
74 96 29
96 74 29
78 96 33
96 78 33
79 96 34
96 79 34
82 96 37
96 82 37
83 96 38
96 83 38
85 96 40
96 85 40
86 96 41
96 86 41
87 96 42
96 87 42
88 96 43
96 88 43
52 97 7
97 52 7
60 97 15
97 60 15
67 97 22
97 67 22
73 97 28
97 73 28
78 97 33
97 78 33
82 97 37
97 82 37
85 97 40
97 85 40
87 97 42
97 87 42
53 97 8
97 53 8
61 97 16
97 61 16
68 97 23
97 68 23
74 97 29
97 74 29
79 97 34
97 79 34
83 97 38
97 83 38
86 97 41
97 86 41
88 97 43
97 88 43
89 97 44
97 89 44
53 98 8
98 53 8
61 98 16
98 61 16
68 98 23
98 68 23
74 98 29
98 74 29
79 98 34
98 79 34
83 98 38
98 83 38
86 98 41
98 86 41
88 98 43
98 88 43
89 98 44
98 89 44
