0 1 20
0 2 21
0 3 22
0 4 23
0 5 16
0 6 17
0 7 18
0 8 19
0 15 30
0 16 5
0 17 6
0 18 7
0 19 8
0 20 1
0 21 2
0 22 3
0 23 4
0 30 15
1 0 20
1 2 24
1 3 25
1 4 26
1 5 15
1 9 17
1 10 18
1 11 19
1 15 5
1 16 30
1 16 31
1 17 9
1 18 10
1 19 11
1 20 0
1 24 2
1 25 3
1 26 4
1 30 16
1 31 16
2 0 21
2 1 24
2 3 27
2 4 28
2 6 15
2 9 16
2 12 18
2 13 19
2 15 6
2 16 9
2 17 30
2 17 31
2 17 32
2 18 12
2 19 13
2 21 0
2 24 1
2 27 3
2 28 4
2 30 17
2 31 17
2 32 17
3 0 22
3 1 25
3 2 27
3 4 29
3 7 15
3 10 16
3 12 17
3 14 19
3 15 7
3 16 10
3 17 12
3 18 30
3 18 31
3 18 32
3 18 33
3 19 14
3 22 0
3 25 1
3 27 2
3 29 4
3 30 18
3 31 18
3 32 18
3 33 18
4 0 23
4 1 26
4 2 28
4 3 29
4 8 15
4 11 16
4 13 17
4 14 18
4 15 8
4 16 11
4 17 13
4 18 14
4 19 30
4 19 31
4 19 32
4 19 33
4 19 34
4 23 0
4 26 1
4 28 2
4 29 3
4 30 19
4 31 19
4 32 19
4 33 19
4 34 19
5 0 16
5 1 15
5 6 24
5 7 25
5 8 26
5 9 21
5 10 22
5 11 23
5 15 1
5 16 0
5 20 30
5 20 31
5 21 9
5 22 10
5 23 11
5 24 6
5 25 7
5 26 8
5 30 20
5 31 20
6 0 17
6 2 15
6 5 24
6 7 27
6 8 28
6 9 20
6 12 22
6 13 23
6 15 2
6 17 0
6 20 9
6 21 30
6 21 31
6 21 32
6 22 12
6 23 13
6 24 5
6 27 7
6 28 8
6 30 21
6 31 21
6 32 21
7 0 18
7 3 15
7 5 25
7 6 27
7 8 29
7 10 20
7 12 21
7 14 23
7 15 3
7 18 0
7 20 10
7 21 12
7 22 30
7 22 31
7 22 32
7 22 33
7 23 14
7 25 5
7 27 6
7 29 8
7 30 22
7 31 22
7 32 22
7 33 22
8 0 19
8 4 15
8 5 26
8 6 28
8 7 29
8 11 20
8 13 21
8 14 22
8 15 4
8 19 0
8 20 11
8 21 13
8 22 14
8 23 30
8 23 31
8 23 32
8 23 33
8 23 34
8 26 5
8 28 6
8 29 7
8 30 23
8 31 23
8 32 23
8 33 23
8 34 23
9 1 17
9 2 16
9 5 21
9 6 20
9 10 27
9 11 28
9 12 25
9 13 26
9 16 2
9 17 1
9 20 6
9 21 5
9 24 31
9 24 32
9 25 12
9 26 13
9 27 10
9 28 11
9 31 24
9 32 24
10 1 18
10 3 16
10 5 22
10 7 20
10 9 27
10 11 29
10 12 24
10 14 26
10 16 3
10 18 1
10 20 7
10 22 5
10 24 12
10 25 31
10 25 32
10 25 33
10 26 14
10 27 9
10 29 11
10 31 25
10 32 25
10 33 25
11 1 19
11 4 16
11 5 23
11 8 20
11 9 28
11 10 29
11 13 24
11 14 25
11 16 4
11 19 1
11 20 8
11 23 5
11 24 13
11 25 14
11 26 31
11 26 32
11 26 33
11 26 34
11 28 9
11 29 10
11 31 26
11 32 26
11 33 26
11 34 26
12 2 18
12 3 17
12 6 22
12 7 21
12 9 25
12 10 24
12 13 29
12 14 28
12 17 3
12 18 2
12 21 7
12 22 6
12 24 10
12 25 9
12 27 32
12 27 33
12 28 14
12 29 13
12 32 27
12 33 27
13 2 19
13 4 17
13 6 23
13 8 21
13 9 26
13 11 24
13 12 29
13 14 27
13 17 4
13 19 2
13 21 8
13 23 6
13 24 11
13 26 9
13 27 14
13 28 32
13 28 33
13 28 34
13 29 12
13 32 28
13 33 28
13 34 28
14 3 19
14 4 18
14 7 23
14 8 22
14 10 26
14 11 25
14 12 28
14 13 27
14 18 4
14 19 3
14 22 8
14 23 7
14 25 11
14 26 10
14 27 13
14 28 12
14 29 33
14 29 34
14 33 29
14 34 29
15 0 30
15 1 5
15 2 6
15 3 7
15 4 8
15 5 1
15 6 2
15 7 3
15 8 4
15 16 20
15 17 21
15 18 22
15 19 23
15 20 16
15 21 17
15 22 18
15 23 19
15 30 0
16 0 5
16 1 30
16 1 31
16 2 9
16 3 10
16 4 11
16 5 0
16 9 2
16 10 3
16 11 4
16 15 20
16 17 24
16 18 25
16 19 26
16 20 15
16 24 17
16 25 18
16 26 19
16 30 1
16 31 1
17 0 6
17 1 9
17 2 30
17 2 31
17 2 32
17 3 12
17 4 13
17 6 0
17 9 1
17 12 3
17 13 4
17 15 21
17 16 24
17 18 27
17 19 28
17 21 15
17 24 16
17 27 18
17 28 19
17 30 2
17 31 2
17 32 2
18 0 7
18 1 10
18 2 12
18 3 30
18 3 31
18 3 32
18 3 33
18 4 14
18 7 0
18 10 1
18 12 2
18 14 4
18 15 22
18 16 25
18 17 27
18 19 29
18 22 15
18 25 16
18 27 17
18 29 19
18 30 3
18 31 3
18 32 3
18 33 3
19 0 8
19 1 11
19 2 13
19 3 14
19 4 30
19 4 31
19 4 32
19 4 33
19 4 34
19 8 0
19 11 1
19 13 2
19 14 3
19 15 23
19 16 26
19 17 28
19 18 29
19 23 15
19 26 16
19 28 17
19 29 18
19 30 4
19 31 4
19 32 4
19 33 4
19 34 4
20 0 1
20 1 0
20 5 30
20 5 31
20 6 9
20 7 10
20 8 11
20 9 6
20 10 7
20 11 8
20 15 16
20 16 15
20 21 24
20 22 25
20 23 26
20 24 21
20 25 22
20 26 23
20 30 5
20 31 5
21 0 2
21 2 0
21 5 9
21 6 30
21 6 31
21 6 32
21 7 12
21 8 13
21 9 5
21 12 7
21 13 8
21 15 17
21 17 15
21 20 24
21 22 27
21 23 28
21 24 20
21 27 22
21 28 23
21 30 6
21 31 6
21 32 6
22 0 3
22 3 0
22 5 10
22 6 12
22 7 30
22 7 31
22 7 32
22 7 33
22 8 14
22 10 5
22 12 6
22 14 8
22 15 18
22 18 15
22 20 25
22 21 27
22 23 29
22 25 20
22 27 21
22 29 23
22 30 7
22 31 7
22 32 7
22 33 7
23 0 4
23 4 0
23 5 11
23 6 13
23 7 14
23 8 30
23 8 31
23 8 32
23 8 33
23 8 34
23 11 5
23 13 6
23 14 7
23 15 19
23 19 15
23 20 26
23 21 28
23 22 29
23 26 20
23 28 21
23 29 22
23 30 8
23 31 8
23 32 8
23 33 8
23 34 8
24 1 2
24 2 1
24 5 6
24 6 5
24 9 31
24 9 32
24 10 12
24 11 13
24 12 10
24 13 11
24 16 17
24 17 16
24 20 21
24 21 20
24 25 27
24 26 28
24 27 25
24 28 26
24 31 9
24 32 9
25 1 3
25 3 1
25 5 7
25 7 5
25 9 12
25 10 31
25 10 32
25 10 33
25 11 14
25 12 9
25 14 11
25 16 18
25 18 16
25 20 22
25 22 20
25 24 27
25 26 29
25 27 24
25 29 26
25 31 10
25 32 10
25 33 10
26 1 4
26 4 1
26 5 8
26 8 5
26 9 13
26 10 14
26 11 31
26 11 32
26 11 33
26 11 34
26 13 9
26 14 10
26 16 19
26 19 16
26 20 23
26 23 20
26 24 28
26 25 29
26 28 24
26 29 25
26 31 11
26 32 11
26 33 11
26 34 11
27 2 3
27 3 2
27 6 7
27 7 6
27 9 10
27 10 9
27 12 32
27 12 33
27 13 14
27 14 13
27 17 18
27 18 17
27 21 22
27 22 21
27 24 25
27 25 24
27 28 29
27 29 28
27 32 12
27 33 12
28 2 4
28 4 2
28 6 8
28 8 6
28 9 11
28 11 9
28 12 14
28 13 32
28 13 33
28 13 34
28 14 12
28 17 19
28 19 17
28 21 23
28 23 21
28 24 26
28 26 24
28 27 29
28 29 27
28 32 13
28 33 13
28 34 13
29 3 4
29 4 3
29 7 8
29 8 7
29 10 11
29 11 10
29 12 13
29 13 12
29 14 33
29 14 34
29 18 19
29 19 18
29 22 23
29 23 22
29 25 26
29 26 25
29 27 28
29 28 27
29 33 14
29 34 14
30 0 15
30 1 16
30 2 17
30 3 18
30 4 19
30 5 20
30 6 21
30 7 22
30 8 23
30 15 0
30 16 1
30 17 2
30 18 3
30 19 4
30 20 5
30 21 6
30 22 7
30 23 8
31 1 16
31 2 17
31 3 18
31 4 19
31 5 20
31 6 21
31 7 22
31 8 23
31 9 24
31 10 25
31 11 26
31 16 1
31 17 2
31 18 3
31 19 4
31 20 5
31 21 6
31 22 7
31 23 8
31 24 9
31 25 10
31 26 11
32 2 17
32 3 18
32 4 19
32 6 21
32 7 22
32 8 23
32 9 24
32 10 25
32 11 26
32 12 27
32 13 28
32 17 2
32 18 3
32 19 4
32 21 6
32 22 7
32 23 8
32 24 9
32 25 10
32 26 11
32 27 12
32 28 13
33 3 18
33 4 19
33 7 22
33 8 23
33 10 25
33 11 26
33 12 27
33 13 28
33 14 29
33 18 3
33 19 4
33 22 7
33 23 8
33 25 10
33 26 11
33 27 12
33 28 13
33 29 14
34 4 19
34 8 23
34 11 26
34 13 28
34 14 29
34 19 4
34 23 8
34 26 11
34 28 13
34 29 14
