0 4 11
0 5 12
0 6 13
1 7 12
1 8 13
4 7 15
4 8 16
2 9 13
5 9 16
7 9 18
4 0 11
5 0 12
6 0 13
7 1 12
7 4 15
8 1 13
8 4 16
9 2 13
9 5 16
9 7 18
0 1 14
0 2 15
0 3 16
1 0 14
1 2 17
1 3 18
2 0 15
2 1 17
2 3 19
3 0 16
3 1 18
3 2 19
4 5 17
4 6 18
5 4 17
5 6 19
6 4 18
6 5 19
7 8 19
8 7 19
1 4 10
4 1 10
2 5 10
2 7 11
5 2 10
5 7 14
7 2 11
7 5 14
3 6 10
3 8 11
3 9 12
6 3 10
6 8 14
6 9 15
8 3 11
8 6 14
8 9 17
9 3 12
9 6 15
9 8 17
0 14 1
14 0 1
0 15 2
15 0 2
0 16 3
16 0 3
1 17 2
17 1 2
1 18 3
18 1 3
4 17 5
17 4 5
4 18 6
18 4 6
2 19 3
19 2 3
5 19 6
19 5 6
7 19 8
19 7 8
4 10 1
10 4 1
5 10 2
10 5 2
6 10 3
10 6 3
7 11 2
11 7 2
7 14 5
14 7 5
8 11 3
11 8 3
8 14 6
14 8 6
9 12 3
12 9 3
9 15 6
15 9 6
9 17 8
17 9 8
0 11 4
11 0 4
0 12 5
12 0 5
0 13 6
13 0 6
1 10 4
10 1 4
1 12 7
12 1 7
1 13 8
13 1 8
2 10 5
10 2 5
2 11 7
11 2 7
2 13 9
13 2 9
3 10 6
10 3 6
3 11 8
11 3 8
3 12 9
12 3 9
4 15 7
15 4 7
4 16 8
16 4 8
5 14 7
14 5 7
5 16 9
16 5 9
6 14 8
14 6 8
6 15 9
15 6 9
7 18 9
18 7 9
8 17 9
17 8 9
1 14 0
14 1 0
4 11 0
11 4 0
2 15 0
15 2 0
2 17 1
17 2 1
5 12 0
12 5 0
5 17 4
17 5 4
7 12 1
12 7 1
7 15 4
15 7 4
3 16 0
16 3 0
3 18 1
18 3 1
3 19 2
19 3 2
6 13 0
13 6 0
6 18 4
18 6 4
6 19 5
19 6 5
8 13 1
13 8 1
8 16 4
16 8 4
8 19 7
19 8 7
9 13 2
13 9 2
9 16 5
16 9 5
9 18 7
18 9 7
0 10 20
10 0 20
1 11 20
1 11 21
11 1 20
11 1 21
2 12 20
2 12 21
2 12 22
12 2 20
12 2 21
12 2 22
3 13 20
3 13 21
3 13 22
3 13 23
13 3 20
13 3 21
13 3 22
13 3 23
4 14 20
4 14 21
14 4 20
14 4 21
5 15 20
5 15 21
5 15 22
15 5 20
15 5 21
15 5 22
6 16 20
6 16 21
6 16 22
6 16 23
16 6 20
16 6 21
16 6 22
16 6 23
7 17 21
7 17 22
17 7 21
17 7 22
8 18 21
8 18 22
8 18 23
18 8 21
18 8 22
18 8 23
9 19 22
9 19 23
19 9 22
19 9 23
0 20 10
20 0 10
1 20 11
20 1 11
2 20 12
20 2 12
3 20 13
20 3 13
4 20 14
20 4 14
5 20 15
20 5 15
6 20 16
20 6 16
1 21 11
21 1 11
4 21 14
21 4 14
2 21 12
21 2 12
3 21 13
21 3 13
5 21 15
21 5 15
6 21 16
21 6 16
7 21 17
21 7 17
8 21 18
21 8 18
2 22 12
22 2 12
5 22 15
22 5 15
7 22 17
22 7 17
3 22 13
22 3 13
6 22 16
22 6 16
8 22 18
22 8 18
9 22 19
22 9 19
3 23 13
23 3 13
6 23 16
23 6 16
8 23 18
23 8 18
9 23 19
23 9 19
10 14 11
10 15 12
10 16 13
11 17 12
11 18 13
14 17 15
14 18 16
12 19 13
15 19 16
17 19 18
14 10 11
15 10 12
16 10 13
17 11 12
17 14 15
18 11 13
18 14 16
19 12 13
19 15 16
19 17 18
10 11 14
10 12 15
10 13 16
11 10 14
11 12 17
11 13 18
12 10 15
12 11 17
12 13 19
13 10 16
13 11 18
13 12 19
14 15 17
14 16 18
15 14 17
15 16 19
16 14 18
16 15 19
17 18 19
18 17 19
11 14 10
14 11 10
12 15 10
12 17 11
15 12 10
15 17 14
17 12 11
17 15 14
13 16 10
13 18 11
13 19 12
16 13 10
16 18 14
16 19 15
18 13 11
18 16 14
18 19 17
19 13 12
19 16 15
19 18 17
10 20 0
20 10 0
11 20 1
20 11 1
12 20 2
20 12 2
13 20 3
20 13 3
14 20 4
20 14 4
15 20 5
20 15 5
16 20 6
20 16 6
11 21 1
21 11 1
14 21 4
21 14 4
12 21 2
21 12 2
13 21 3
21 13 3
15 21 5
21 15 5
16 21 6
21 16 6
17 21 7
21 17 7
18 21 8
21 18 8
12 22 2
22 12 2
15 22 5
22 15 5
17 22 7
22 17 7
13 22 3
22 13 3
16 22 6
22 16 6
18 22 8
22 18 8
19 22 9
22 19 9
13 23 3
23 13 3
16 23 6
23 16 6
18 23 8
23 18 8
19 23 9
23 19 9
