0 1 27
0 2 28
0 3 29
0 4 30
0 5 31
0 6 22
0 7 23
0 8 24
0 9 25
0 10 26
0 21 42
0 22 6
0 23 7
0 24 8
0 25 9
0 26 10
0 27 1
0 28 2
0 29 3
0 30 4
0 31 5
0 42 21
1 0 27
1 2 32
1 3 33
1 4 34
1 5 35
1 6 21
1 11 23
1 12 24
1 13 25
1 14 26
1 21 6
1 22 42
1 22 43
1 23 11
1 24 12
1 25 13
1 26 14
1 27 0
1 32 2
1 33 3
1 34 4
1 35 5
1 42 22
1 43 22
2 0 28
2 1 32
2 3 36
2 4 37
2 5 38
2 7 21
2 11 22
2 15 24
2 16 25
2 17 26
2 21 7
2 22 11
2 23 42
2 23 43
2 23 44
2 24 15
2 25 16
2 26 17
2 28 0
2 32 1
2 36 3
2 37 4
2 38 5
2 42 23
2 43 23
2 44 23
3 0 29
3 1 33
3 2 36
3 4 39
3 5 40
3 8 21
3 12 22
3 15 23
3 18 25
3 19 26
3 21 8
3 22 12
3 23 15
3 24 42
3 24 43
3 24 44
3 24 45
3 25 18
3 26 19
3 29 0
3 33 1
3 36 2
3 39 4
3 40 5
3 42 24
3 43 24
3 44 24
3 45 24
4 0 30
4 1 34
4 2 37
4 3 39
4 5 41
4 9 21
4 13 22
4 16 23
4 18 24
4 20 26
4 21 9
4 22 13
4 23 16
4 24 18
4 25 42
4 25 43
4 25 44
4 25 45
4 25 46
4 26 20
4 30 0
4 34 1
4 37 2
4 39 3
4 41 5
4 42 25
4 43 25
4 44 25
4 45 25
4 46 25
5 0 31
5 1 35
5 2 38
5 3 40
5 4 41
5 10 21
5 14 22
5 17 23
5 19 24
5 20 25
5 21 10
5 22 14
5 23 17
5 24 19
5 25 20
5 26 42
5 26 43
5 26 44
5 26 45
5 26 46
5 26 47
5 31 0
5 35 1
5 38 2
5 40 3
5 41 4
5 42 26
5 43 26
5 44 26
5 45 26
5 46 26
5 47 26
6 0 22
6 1 21
6 7 32
6 8 33
6 9 34
6 10 35
6 11 28
6 12 29
6 13 30
6 14 31
6 21 1
6 22 0
6 27 42
6 27 43
6 28 11
6 29 12
6 30 13
6 31 14
6 32 7
6 33 8
6 34 9
6 35 10
6 42 27
6 43 27
7 0 23
7 2 21
7 6 32
7 8 36
7 9 37
7 10 38
7 11 27
7 15 29
7 16 30
7 17 31
7 21 2
7 23 0
7 27 11
7 28 42
7 28 43
7 28 44
7 29 15
7 30 16
7 31 17
7 32 6
7 36 8
7 37 9
7 38 10
7 42 28
7 43 28
7 44 28
8 0 24
8 3 21
8 6 33
8 7 36
8 9 39
8 10 40
8 12 27
8 15 28
8 18 30
8 19 31
8 21 3
8 24 0
8 27 12
8 28 15
8 29 42
8 29 43
8 29 44
8 29 45
8 30 18
8 31 19
8 33 6
8 36 7
8 39 9
8 40 10
8 42 29
8 43 29
8 44 29
8 45 29
9 0 25
9 4 21
9 6 34
9 7 37
9 8 39
9 10 41
9 13 27
9 16 28
9 18 29
9 20 31
9 21 4
9 25 0
9 27 13
9 28 16
9 29 18
9 30 42
9 30 43
9 30 44
9 30 45
9 30 46
9 31 20
9 34 6
9 37 7
9 39 8
9 41 10
9 42 30
9 43 30
9 44 30
9 45 30
9 46 30
10 0 26
10 5 21
10 6 35
10 7 38
10 8 40
10 9 41
10 14 27
10 17 28
10 19 29
10 20 30
10 21 5
10 26 0
10 27 14
10 28 17
10 29 19
10 30 20
10 31 42
10 31 43
10 31 44
10 31 45
10 31 46
10 31 47
10 35 6
10 38 7
10 40 8
10 41 9
10 42 31
10 43 31
10 44 31
10 45 31
10 46 31
10 47 31
11 1 23
11 2 22
11 6 28
11 7 27
11 12 36
11 13 37
11 14 38
11 15 33
11 16 34
11 17 35
11 22 2
11 23 1
11 27 7
11 28 6
11 32 43
11 32 44
11 33 15
11 34 16
11 35 17
11 36 12
11 37 13
11 38 14
11 43 32
11 44 32
12 1 24
12 3 22
12 6 29
12 8 27
12 11 36
12 13 39
12 14 40
12 15 32
12 18 34
12 19 35
12 22 3
12 24 1
12 27 8
12 29 6
12 32 15
12 33 43
12 33 44
12 33 45
12 34 18
12 35 19
12 36 11
12 39 13
12 40 14
12 43 33
12 44 33
12 45 33
13 1 25
13 4 22
13 6 30
13 9 27
13 11 37
13 12 39
13 14 41
13 16 32
13 18 33
13 20 35
13 22 4
13 25 1
13 27 9
13 30 6
13 32 16
13 33 18
13 34 43
13 34 44
13 34 45
13 34 46
13 35 20
13 37 11
13 39 12
13 41 14
13 43 34
13 44 34
13 45 34
13 46 34
14 1 26
14 5 22
14 6 31
14 10 27
14 11 38
14 12 40
14 13 41
14 17 32
14 19 33
14 20 34
14 22 5
14 26 1
14 27 10
14 31 6
14 32 17
14 33 19
14 34 20
14 35 43
14 35 44
14 35 45
14 35 46
14 35 47
14 38 11
14 40 12
14 41 13
14 43 35
14 44 35
14 45 35
14 46 35
14 47 35
15 2 24
15 3 23
15 7 29
15 8 28
15 11 33
15 12 32
15 16 39
15 17 40
15 18 37
15 19 38
15 23 3
15 24 2
15 28 8
15 29 7
15 32 12
15 33 11
15 36 44
15 36 45
15 37 18
15 38 19
15 39 16
15 40 17
15 44 36
15 45 36
16 2 25
16 4 23
16 7 30
16 9 28
16 11 34
16 13 32
16 15 39
16 17 41
16 18 36
16 20 38
16 23 4
16 25 2
16 28 9
16 30 7
16 32 13
16 34 11
16 36 18
16 37 44
16 37 45
16 37 46
16 38 20
16 39 15
16 41 17
16 44 37
16 45 37
16 46 37
17 2 26
17 5 23
17 7 31
17 10 28
17 11 35
17 14 32
17 15 40
17 16 41
17 19 36
17 20 37
17 23 5
17 26 2
17 28 10
17 31 7
17 32 14
17 35 11
17 36 19
17 37 20
17 38 44
17 38 45
17 38 46
17 38 47
17 40 15
17 41 16
17 44 38
17 45 38
17 46 38
17 47 38
18 3 25
18 4 24
18 8 30
18 9 29
18 12 34
18 13 33
18 15 37
18 16 36
18 19 41
18 20 40
18 24 4
18 25 3
18 29 9
18 30 8
18 33 13
18 34 12
18 36 16
18 37 15
18 39 45
18 39 46
18 40 20
18 41 19
18 45 39
18 46 39
19 3 26
19 5 24
19 8 31
19 10 29
19 12 35
19 14 33
19 15 38
19 17 36
19 18 41
19 20 39
19 24 5
19 26 3
19 29 10
19 31 8
19 33 14
19 35 12
19 36 17
19 38 15
19 39 20
19 40 45
19 40 46
19 40 47
19 41 18
19 45 40
19 46 40
19 47 40
20 4 26
20 5 25
20 9 31
20 10 30
20 13 35
20 14 34
20 16 38
20 17 37
20 18 40
20 19 39
20 25 5
20 26 4
20 30 10
20 31 9
20 34 14
20 35 13
20 37 17
20 38 16
20 39 19
20 40 18
20 41 46
20 41 47
20 46 41
20 47 41
21 0 42
21 1 6
21 2 7
21 3 8
21 4 9
21 5 10
21 6 1
21 7 2
21 8 3
21 9 4
21 10 5
21 22 27
21 23 28
21 24 29
21 25 30
21 26 31
21 27 22
21 28 23
21 29 24
21 30 25
21 31 26
21 42 0
22 0 6
22 1 42
22 1 43
22 2 11
22 3 12
22 4 13
22 5 14
22 6 0
22 11 2
22 12 3
22 13 4
22 14 5
22 21 27
22 23 32
22 24 33
22 25 34
22 26 35
22 27 21
22 32 23
22 33 24
22 34 25
22 35 26
22 42 1
22 43 1
23 0 7
23 1 11
23 2 42
23 2 43
23 2 44
23 3 15
23 4 16
23 5 17
23 7 0
23 11 1
23 15 3
23 16 4
23 17 5
23 21 28
23 22 32
23 24 36
23 25 37
23 26 38
23 28 21
23 32 22
23 36 24
23 37 25
23 38 26
23 42 2
23 43 2
23 44 2
24 0 8
24 1 12
24 2 15
24 3 42
24 3 43
24 3 44
24 3 45
24 4 18
24 5 19
24 8 0
24 12 1
24 15 2
24 18 4
24 19 5
24 21 29
24 22 33
24 23 36
24 25 39
24 26 40
24 29 21
24 33 22
24 36 23
24 39 25
24 40 26
24 42 3
24 43 3
24 44 3
24 45 3
25 0 9
25 1 13
25 2 16
25 3 18
25 4 42
25 4 43
25 4 44
25 4 45
25 4 46
25 5 20
25 9 0
25 13 1
25 16 2
25 18 3
25 20 5
25 21 30
25 22 34
25 23 37
25 24 39
25 26 41
25 30 21
25 34 22
25 37 23
25 39 24
25 41 26
25 42 4
25 43 4
25 44 4
25 45 4
25 46 4
26 0 10
26 1 14
26 2 17
26 3 19
26 4 20
26 5 42
26 5 43
26 5 44
26 5 45
26 5 46
26 5 47
26 10 0
26 14 1
26 17 2
26 19 3
26 20 4
26 21 31
26 22 35
26 23 38
26 24 40
26 25 41
26 31 21
26 35 22
26 38 23
26 40 24
26 41 25
26 42 5
26 43 5
26 44 5
26 45 5
26 46 5
26 47 5
27 0 1
27 1 0
27 6 42
27 6 43
27 7 11
27 8 12
27 9 13
27 10 14
27 11 7
27 12 8
27 13 9
27 14 10
27 21 22
27 22 21
27 28 32
27 29 33
27 30 34
27 31 35
27 32 28
27 33 29
27 34 30
27 35 31
27 42 6
27 43 6
28 0 2
28 2 0
28 6 11
28 7 42
28 7 43
28 7 44
28 8 15
28 9 16
28 10 17
28 11 6
28 15 8
28 16 9
28 17 10
28 21 23
28 23 21
28 27 32
28 29 36
28 30 37
28 31 38
28 32 27
28 36 29
28 37 30
28 38 31
28 42 7
28 43 7
28 44 7
29 0 3
29 3 0
29 6 12
29 7 15
29 8 42
29 8 43
29 8 44
29 8 45
29 9 18
29 10 19
29 12 6
29 15 7
29 18 9
29 19 10
29 21 24
29 24 21
29 27 33
29 28 36
29 30 39
29 31 40
29 33 27
29 36 28
29 39 30
29 40 31
29 42 8
29 43 8
29 44 8
29 45 8
30 0 4
30 4 0
30 6 13
30 7 16
30 8 18
30 9 42
30 9 43
30 9 44
30 9 45
30 9 46
30 10 20
30 13 6
30 16 7
30 18 8
30 20 10
30 21 25
30 25 21
30 27 34
30 28 37
30 29 39
30 31 41
30 34 27
30 37 28
30 39 29
30 41 31
30 42 9
30 43 9
30 44 9
30 45 9
30 46 9
31 0 5
31 5 0
31 6 14
31 7 17
31 8 19
31 9 20
31 10 42
31 10 43
31 10 44
31 10 45
31 10 46
31 10 47
31 14 6
31 17 7
31 19 8
31 20 9
31 21 26
31 26 21
31 27 35
31 28 38
31 29 40
31 30 41
31 35 27
31 38 28
31 40 29
31 41 30
31 42 10
31 43 10
31 44 10
31 45 10
31 46 10
31 47 10
32 1 2
32 2 1
32 6 7
32 7 6
32 11 43
32 11 44
32 12 15
32 13 16
32 14 17
32 15 12
32 16 13
32 17 14
32 22 23
32 23 22
32 27 28
32 28 27
32 33 36
32 34 37
32 35 38
32 36 33
32 37 34
32 38 35
32 43 11
32 44 11
33 1 3
33 3 1
33 6 8
33 8 6
33 11 15
33 12 43
33 12 44
33 12 45
33 13 18
33 14 19
33 15 11
33 18 13
33 19 14
33 22 24
33 24 22
33 27 29
33 29 27
33 32 36
33 34 39
33 35 40
33 36 32
33 39 34
33 40 35
33 43 12
33 44 12
33 45 12
34 1 4
34 4 1
34 6 9
34 9 6
34 11 16
34 12 18
34 13 43
34 13 44
34 13 45
34 13 46
34 14 20
34 16 11
34 18 12
34 20 14
34 22 25
34 25 22
34 27 30
34 30 27
34 32 37
34 33 39
34 35 41
34 37 32
34 39 33
34 41 35
34 43 13
34 44 13
34 45 13
34 46 13
35 1 5
35 5 1
35 6 10
35 10 6
35 11 17
35 12 19
35 13 20
35 14 43
35 14 44
35 14 45
35 14 46
35 14 47
35 17 11
35 19 12
35 20 13
35 22 26
35 26 22
35 27 31
35 31 27
35 32 38
35 33 40
35 34 41
35 38 32
35 40 33
35 41 34
35 43 14
35 44 14
35 45 14
35 46 14
35 47 14
36 2 3
36 3 2
36 7 8
36 8 7
36 11 12
36 12 11
36 15 44
36 15 45
36 16 18
36 17 19
36 18 16
36 19 17
36 23 24
36 24 23
36 28 29
36 29 28
36 32 33
36 33 32
36 37 39
36 38 40
36 39 37
36 40 38
36 44 15
36 45 15
37 2 4
37 4 2
37 7 9
37 9 7
37 11 13
37 13 11
37 15 18
37 16 44
37 16 45
37 16 46
37 17 20
37 18 15
37 20 17
37 23 25
37 25 23
37 28 30
37 30 28
37 32 34
37 34 32
37 36 39
37 38 41
37 39 36
37 41 38
37 44 16
37 45 16
37 46 16
38 2 5
38 5 2
38 7 10
38 10 7
38 11 14
38 14 11
38 15 19
38 16 20
38 17 44
38 17 45
38 17 46
38 17 47
38 19 15
38 20 16
38 23 26
38 26 23
38 28 31
38 31 28
38 32 35
38 35 32
38 36 40
38 37 41
38 40 36
38 41 37
38 44 17
38 45 17
38 46 17
38 47 17
39 3 4
39 4 3
39 8 9
39 9 8
39 12 13
39 13 12
39 15 16
39 16 15
39 18 45
39 18 46
39 19 20
39 20 19
39 24 25
39 25 24
39 29 30
39 30 29
39 33 34
39 34 33
39 36 37
39 37 36
39 40 41
39 41 40
39 45 18
39 46 18
40 3 5
40 5 3
40 8 10
40 10 8
40 12 14
40 14 12
40 15 17
40 17 15
40 18 20
40 19 45
40 19 46
40 19 47
40 20 18
40 24 26
40 26 24
40 29 31
40 31 29
40 33 35
40 35 33
40 36 38
40 38 36
40 39 41
40 41 39
40 45 19
40 46 19
40 47 19
41 4 5
41 5 4
41 9 10
41 10 9
41 13 14
41 14 13
41 16 17
41 17 16
41 18 19
41 19 18
41 20 46
41 20 47
41 25 26
41 26 25
41 30 31
41 31 30
41 34 35
41 35 34
41 37 38
41 38 37
41 39 40
41 40 39
41 46 20
41 47 20
42 0 21
42 1 22
42 2 23
42 3 24
42 4 25
42 5 26
42 6 27
42 7 28
42 8 29
42 9 30
42 10 31
42 21 0
42 22 1
42 23 2
42 24 3
42 25 4
42 26 5
42 27 6
42 28 7
42 29 8
42 30 9
42 31 10
43 1 22
43 2 23
43 3 24
43 4 25
43 5 26
43 6 27
43 7 28
43 8 29
43 9 30
43 10 31
43 11 32
43 12 33
43 13 34
43 14 35
43 22 1
43 23 2
43 24 3
43 25 4
43 26 5
43 27 6
43 28 7
43 29 8
43 30 9
43 31 10
43 32 11
43 33 12
43 34 13
43 35 14
44 2 23
44 3 24
44 4 25
44 5 26
44 7 28
44 8 29
44 9 30
44 10 31
44 11 32
44 12 33
44 13 34
44 14 35
44 15 36
44 16 37
44 17 38
44 23 2
44 24 3
44 25 4
44 26 5
44 28 7
44 29 8
44 30 9
44 31 10
44 32 11
44 33 12
44 34 13
44 35 14
44 36 15
44 37 16
44 38 17
45 3 24
45 4 25
45 5 26
45 8 29
45 9 30
45 10 31
45 12 33
45 13 34
45 14 35
45 15 36
45 16 37
45 17 38
45 18 39
45 19 40
45 24 3
45 25 4
45 26 5
45 29 8
45 30 9
45 31 10
45 33 12
45 34 13
45 35 14
45 36 15
45 37 16
45 38 17
45 39 18
45 40 19
46 4 25
46 5 26
46 9 30
46 10 31
46 13 34
46 14 35
46 16 37
46 17 38
46 18 39
46 19 40
46 20 41
46 25 4
46 26 5
46 30 9
46 31 10
46 34 13
46 35 14
46 37 16
46 38 17
46 39 18
46 40 19
46 41 20
47 5 26
47 10 31
47 14 35
47 17 38
47 19 40
47 20 41
47 26 5
47 31 10
47 35 14
47 38 17
47 40 19
47 41 20
