0 7 29
0 8 30
0 9 31
0 10 32
0 11 33
0 12 34
1 13 30
1 14 31
1 15 32
1 16 33
1 17 34
7 13 36
7 14 37
7 15 38
7 16 39
7 17 40
2 18 31
2 19 32
2 20 33
2 21 34
8 18 37
8 19 38
8 20 39
8 21 40
13 18 42
13 19 43
13 20 44
13 21 45
3 22 32
3 23 33
3 24 34
9 22 38
9 23 39
9 24 40
14 22 43
14 23 44
14 24 45
18 22 47
18 23 48
18 24 49
4 25 33
4 26 34
10 25 39
10 26 40
15 25 44
15 26 45
19 25 48
19 26 49
22 25 51
22 26 52
5 27 34
11 27 40
16 27 45
20 27 49
23 27 52
25 27 54
7 0 29
8 0 30
9 0 31
10 0 32
11 0 33
12 0 34
13 1 30
13 7 36
14 1 31
14 7 37
15 1 32
15 7 38
16 1 33
16 7 39
17 1 34
17 7 40
18 2 31
18 8 37
18 13 42
19 2 32
19 8 38
19 13 43
20 2 33
20 8 39
20 13 44
21 2 34
21 8 40
21 13 45
22 3 32
22 9 38
22 14 43
22 18 47
23 3 33
23 9 39
23 14 44
23 18 48
24 3 34
24 9 40
24 14 45
24 18 49
25 4 33
25 10 39
25 15 44
25 19 48
25 22 51
26 4 34
26 10 40
26 15 45
26 19 49
26 22 52
27 5 34
27 11 40
27 16 45
27 20 49
27 23 52
27 25 54
0 1 35
0 2 36
0 3 37
0 4 38
0 5 39
0 6 40
1 0 35
1 2 41
1 3 42
1 4 43
1 5 44
1 6 45
2 0 36
2 1 41
2 3 46
2 4 47
2 5 48
2 6 49
3 0 37
3 1 42
3 2 46
3 4 50
3 5 51
3 6 52
4 0 38
4 1 43
4 2 47
4 3 50
4 5 53
4 6 54
5 0 39
5 1 44
5 2 48
5 3 51
5 4 53
5 6 55
6 0 40
6 1 45
6 2 49
6 3 52
6 4 54
6 5 55
7 8 41
7 9 42
7 10 43
7 11 44
7 12 45
8 7 41
8 9 46
8 10 47
8 11 48
8 12 49
9 7 42
9 8 46
9 10 50
9 11 51
9 12 52
10 7 43
10 8 47
10 9 50
10 11 53
10 12 54
11 7 44
11 8 48
11 9 51
11 10 53
11 12 55
12 7 45
12 8 49
12 9 52
12 10 54
12 11 55
13 14 46
13 15 47
13 16 48
13 17 49
14 13 46
14 15 50
14 16 51
14 17 52
15 13 47
15 14 50
15 16 53
15 17 54
16 13 48
16 14 51
16 15 53
16 17 55
17 13 49
17 14 52
17 15 54
17 16 55
18 19 50
18 20 51
18 21 52
19 18 50
19 20 53
19 21 54
20 18 51
20 19 53
20 21 55
21 18 52
21 19 54
21 20 55
22 23 53
22 24 54
23 22 53
23 24 55
24 22 54
24 23 55
25 26 55
26 25 55
1 7 28
7 1 28
2 8 28
2 13 29
8 2 28
8 13 35
13 2 29
13 8 35
3 9 28
3 14 29
3 18 30
9 3 28
9 14 35
9 18 36
14 3 29
14 9 35
14 18 41
18 3 30
18 9 36
18 14 41
4 10 28
4 15 29
4 19 30
4 22 31
10 4 28
10 15 35
10 19 36
10 22 37
15 4 29
15 10 35
15 19 41
15 22 42
19 4 30
19 10 36
19 15 41
19 22 46
22 4 31
22 10 37
22 15 42
22 19 46
5 11 28
5 16 29
5 20 30
5 23 31
5 25 32
11 5 28
11 16 35
11 20 36
11 23 37
11 25 38
16 5 29
16 11 35
16 20 41
16 23 42
16 25 43
20 5 30
20 11 36
20 16 41
20 23 46
20 25 47
23 5 31
23 11 37
23 16 42
23 20 46
23 25 50
25 5 32
25 11 38
25 16 43
25 20 47
25 23 50
6 12 28
6 17 29
6 21 30
6 24 31
6 26 32
6 27 33
12 6 28
12 17 35
12 21 36
12 24 37
12 26 38
12 27 39
17 6 29
17 12 35
17 21 41
17 24 42
17 26 43
17 27 44
21 6 30
21 12 36
21 17 41
21 24 46
21 26 47
21 27 48
24 6 31
24 12 37
24 17 42
24 21 46
24 26 50
24 27 51
26 6 32
26 12 38
26 17 43
26 21 47
26 24 50
26 27 53
27 6 33
27 12 39
27 17 44
27 21 48
27 24 51
27 26 53
0 35 1
35 0 1
0 36 2
36 0 2
0 37 3
37 0 3
0 38 4
38 0 4
0 39 5
39 0 5
0 40 6
40 0 6
1 41 2
41 1 2
1 42 3
42 1 3
1 43 4
43 1 4
1 44 5
44 1 5
1 45 6
45 1 6
7 41 8
41 7 8
7 42 9
42 7 9
7 43 10
43 7 10
7 44 11
44 7 11
7 45 12
45 7 12
2 46 3
46 2 3
2 47 4
47 2 4
2 48 5
48 2 5
2 49 6
49 2 6
8 46 9
46 8 9
8 47 10
47 8 10
8 48 11
48 8 11
8 49 12
49 8 12
13 46 14
46 13 14
13 47 15
47 13 15
13 48 16
48 13 16
13 49 17
49 13 17
3 50 4
50 3 4
3 51 5
51 3 5
3 52 6
52 3 6
9 50 10
50 9 10
9 51 11
51 9 11
9 52 12
52 9 12
14 50 15
50 14 15
14 51 16
51 14 16
14 52 17
52 14 17
18 50 19
50 18 19
18 51 20
51 18 20
18 52 21
52 18 21
4 53 5
53 4 5
4 54 6
54 4 6
10 53 11
53 10 11
10 54 12
54 10 12
15 53 16
53 15 16
15 54 17
54 15 17
19 53 20
53 19 20
19 54 21
54 19 21
22 53 23
53 22 23
22 54 24
54 22 24
5 55 6
55 5 6
11 55 12
55 11 12
16 55 17
55 16 17
20 55 21
55 20 21
23 55 24
55 23 24
25 55 26
55 25 26
7 28 1
28 7 1
8 28 2
28 8 2
9 28 3
28 9 3
10 28 4
28 10 4
11 28 5
28 11 5
12 28 6
28 12 6
13 29 2
29 13 2
13 35 8
35 13 8
14 29 3
29 14 3
14 35 9
35 14 9
15 29 4
29 15 4
15 35 10
35 15 10
16 29 5
29 16 5
16 35 11
35 16 11
17 29 6
29 17 6
17 35 12
35 17 12
18 30 3
30 18 3
18 36 9
36 18 9
18 41 14
41 18 14
19 30 4
30 19 4
19 36 10
36 19 10
19 41 15
41 19 15
20 30 5
30 20 5
20 36 11
36 20 11
20 41 16
41 20 16
21 30 6
30 21 6
21 36 12
36 21 12
21 41 17
41 21 17
22 31 4
31 22 4
22 37 10
37 22 10
22 42 15
42 22 15
22 46 19
46 22 19
23 31 5
31 23 5
23 37 11
37 23 11
23 42 16
42 23 16
23 46 20
46 23 20
24 31 6
31 24 6
24 37 12
37 24 12
24 42 17
42 24 17
24 46 21
46 24 21
25 32 5
32 25 5
25 38 11
38 25 11
25 43 16
43 25 16
25 47 20
47 25 20
25 50 23
50 25 23
26 32 6
32 26 6
26 38 12
38 26 12
26 43 17
43 26 17
26 47 21
47 26 21
26 50 24
50 26 24
27 33 6
33 27 6
27 39 12
39 27 12
27 44 17
44 27 17
27 48 21
48 27 21
27 51 24
51 27 24
27 53 26
53 27 26
0 29 7
29 0 7
0 30 8
30 0 8
0 31 9
31 0 9
0 32 10
32 0 10
0 33 11
33 0 11
0 34 12
34 0 12
1 28 7
28 1 7
1 30 13
30 1 13
1 31 14
31 1 14
1 32 15
32 1 15
1 33 16
33 1 16
1 34 17
34 1 17
2 28 8
28 2 8
2 29 13
29 2 13
2 31 18
31 2 18
2 32 19
32 2 19
2 33 20
33 2 20
2 34 21
34 2 21
3 28 9
28 3 9
3 29 14
29 3 14
3 30 18
30 3 18
3 32 22
32 3 22
3 33 23
33 3 23
3 34 24
34 3 24
4 28 10
28 4 10
4 29 15
29 4 15
4 30 19
30 4 19
4 31 22
31 4 22
4 33 25
33 4 25
4 34 26
34 4 26
5 28 11
28 5 11
5 29 16
29 5 16
5 30 20
30 5 20
5 31 23
31 5 23
5 32 25
32 5 25
5 34 27
34 5 27
6 28 12
28 6 12
6 29 17
29 6 17
6 30 21
30 6 21
6 31 24
31 6 24
6 32 26
32 6 26
6 33 27
33 6 27
7 36 13
36 7 13
7 37 14
37 7 14
7 38 15
38 7 15
7 39 16
39 7 16
7 40 17
40 7 17
8 35 13
35 8 13
8 37 18
37 8 18
8 38 19
38 8 19
8 39 20
39 8 20
8 40 21
40 8 21
9 35 14
35 9 14
9 36 18
36 9 18
9 38 22
38 9 22
9 39 23
39 9 23
9 40 24
40 9 24
10 35 15
35 10 15
10 36 19
36 10 19
10 37 22
37 10 22
10 39 25
39 10 25
10 40 26
40 10 26
11 35 16
35 11 16
11 36 20
36 11 20
11 37 23
37 11 23
11 38 25
38 11 25
11 40 27
40 11 27
12 35 17
35 12 17
12 36 21
36 12 21
12 37 24
37 12 24
12 38 26
38 12 26
12 39 27
39 12 27
13 42 18
42 13 18
13 43 19
43 13 19
13 44 20
44 13 20
13 45 21
45 13 21
14 41 18
41 14 18
14 43 22
43 14 22
14 44 23
44 14 23
14 45 24
45 14 24
15 41 19
41 15 19
15 42 22
42 15 22
15 44 25
44 15 25
15 45 26
45 15 26
16 41 20
41 16 20
16 42 23
42 16 23
16 43 25
43 16 25
16 45 27
45 16 27
17 41 21
41 17 21
17 42 24
42 17 24
17 43 26
43 17 26
17 44 27
44 17 27
18 47 22
47 18 22
18 48 23
48 18 23
18 49 24
49 18 24
19 46 22
46 19 22
19 48 25
48 19 25
19 49 26
49 19 26
20 46 23
46 20 23
20 47 25
47 20 25
20 49 27
49 20 27
21 46 24
46 21 24
21 47 26
47 21 26
21 48 27
48 21 27
22 51 25
51 22 25
22 52 26
52 22 26
23 50 25
50 23 25
23 52 27
52 23 27
24 50 26
50 24 26
24 51 27
51 24 27
25 54 27
54 25 27
26 53 27
53 26 27
1 35 0
35 1 0
7 29 0
29 7 0
2 36 0
36 2 0
2 41 1
41 2 1
8 30 0
30 8 0
8 41 7
41 8 7
13 30 1
30 13 1
13 36 7
36 13 7
3 37 0
37 3 0
3 42 1
42 3 1
3 46 2
46 3 2
9 31 0
31 9 0
9 42 7
42 9 7
9 46 8
46 9 8
14 31 1
31 14 1
14 37 7
37 14 7
14 46 13
46 14 13
18 31 2
31 18 2
18 37 8
37 18 8
18 42 13
42 18 13
4 38 0
38 4 0
4 43 1
43 4 1
4 47 2
47 4 2
4 50 3
50 4 3
10 32 0
32 10 0
10 43 7
43 10 7
10 47 8
47 10 8
10 50 9
50 10 9
15 32 1
32 15 1
15 38 7
38 15 7
15 47 13
47 15 13
15 50 14
50 15 14
19 32 2
32 19 2
19 38 8
38 19 8
19 43 13
43 19 13
19 50 18
50 19 18
22 32 3
32 22 3
22 38 9
38 22 9
22 43 14
43 22 14
22 47 18
47 22 18
5 39 0
39 5 0
5 44 1
44 5 1
5 48 2
48 5 2
5 51 3
51 5 3
5 53 4
53 5 4
11 33 0
33 11 0
11 44 7
44 11 7
11 48 8
48 11 8
11 51 9
51 11 9
11 53 10
53 11 10
16 33 1
33 16 1
16 39 7
39 16 7
16 48 13
48 16 13
16 51 14
51 16 14
16 53 15
53 16 15
20 33 2
33 20 2
20 39 8
39 20 8
20 44 13
44 20 13
20 51 18
51 20 18
20 53 19
53 20 19
23 33 3
33 23 3
23 39 9
39 23 9
23 44 14
44 23 14
23 48 18
48 23 18
23 53 22
53 23 22
25 33 4
33 25 4
25 39 10
39 25 10
25 44 15
44 25 15
25 48 19
48 25 19
25 51 22
51 25 22
6 40 0
40 6 0
6 45 1
45 6 1
6 49 2
49 6 2
6 52 3
52 6 3
6 54 4
54 6 4
6 55 5
55 6 5
12 34 0
34 12 0
12 45 7
45 12 7
12 49 8
49 12 8
12 52 9
52 12 9
12 54 10
54 12 10
12 55 11
55 12 11
17 34 1
34 17 1
17 40 7
40 17 7
17 49 13
49 17 13
17 52 14
52 17 14
17 54 15
54 17 15
17 55 16
55 17 16
21 34 2
34 21 2
21 40 8
40 21 8
21 45 13
45 21 13
21 52 18
52 21 18
21 54 19
54 21 19
21 55 20
55 21 20
24 34 3
34 24 3
24 40 9
40 24 9
24 45 14
45 24 14
24 49 18
49 24 18
24 54 22
54 24 22
24 55 23
55 24 23
26 34 4
34 26 4
26 40 10
40 26 10
26 45 15
45 26 15
26 49 19
49 26 19
26 52 22
52 26 22
26 55 25
55 26 25
27 34 5
34 27 5
27 40 11
40 27 11
27 45 16
45 27 16
27 49 20
49 27 20
27 52 23
52 27 23
27 54 25
54 27 25
0 28 56
28 0 56
1 29 56
1 29 57
29 1 56
29 1 57
2 30 56
2 30 57
2 30 58
30 2 56
30 2 57
30 2 58
3 31 56
3 31 57
3 31 58
3 31 59
31 3 56
31 3 57
31 3 58
31 3 59
4 32 56
4 32 57
4 32 58
4 32 59
4 32 60
32 4 56
32 4 57
32 4 58
32 4 59
32 4 60
5 33 56
5 33 57
5 33 58
5 33 59
5 33 60
5 33 61
33 5 56
33 5 57
33 5 58
33 5 59
33 5 60
33 5 61
6 34 56
6 34 57
6 34 58
6 34 59
6 34 60
6 34 61
6 34 62
34 6 56
34 6 57
34 6 58
34 6 59
34 6 60
34 6 61
34 6 62
7 35 56
7 35 57
35 7 56
35 7 57
8 36 56
8 36 57
8 36 58
36 8 56
36 8 57
36 8 58
9 37 56
9 37 57
9 37 58
9 37 59
37 9 56
37 9 57
37 9 58
37 9 59
10 38 56
10 38 57
10 38 58
10 38 59
10 38 60
38 10 56
38 10 57
38 10 58
38 10 59
38 10 60
11 39 56
11 39 57
11 39 58
11 39 59
11 39 60
11 39 61
39 11 56
39 11 57
39 11 58
39 11 59
39 11 60
39 11 61
12 40 56
12 40 57
12 40 58
12 40 59
12 40 60
12 40 61
12 40 62
40 12 56
40 12 57
40 12 58
40 12 59
40 12 60
40 12 61
40 12 62
13 41 57
13 41 58
41 13 57
41 13 58
14 42 57
14 42 58
14 42 59
42 14 57
42 14 58
42 14 59
15 43 57
15 43 58
15 43 59
15 43 60
43 15 57
43 15 58
43 15 59
43 15 60
16 44 57
16 44 58
16 44 59
16 44 60
16 44 61
44 16 57
44 16 58
44 16 59
44 16 60
44 16 61
17 45 57
17 45 58
17 45 59
17 45 60
17 45 61
17 45 62
45 17 57
45 17 58
45 17 59
45 17 60
45 17 61
45 17 62
18 46 58
18 46 59
46 18 58
46 18 59
19 47 58
19 47 59
19 47 60
47 19 58
47 19 59
47 19 60
20 48 58
20 48 59
20 48 60
20 48 61
48 20 58
48 20 59
48 20 60
48 20 61
21 49 58
21 49 59
21 49 60
21 49 61
21 49 62
49 21 58
49 21 59
49 21 60
49 21 61
49 21 62
22 50 59
22 50 60
50 22 59
50 22 60
23 51 59
23 51 60
23 51 61
51 23 59
51 23 60
51 23 61
24 52 59
24 52 60
24 52 61
24 52 62
52 24 59
52 24 60
52 24 61
52 24 62
25 53 60
25 53 61
53 25 60
53 25 61
26 54 60
26 54 61
26 54 62
54 26 60
54 26 61
54 26 62
27 55 61
27 55 62
55 27 61
55 27 62
0 56 28
56 0 28
1 56 29
56 1 29
2 56 30
56 2 30
3 56 31
56 3 31
4 56 32
56 4 32
5 56 33
56 5 33
6 56 34
56 6 34
7 56 35
56 7 35
8 56 36
56 8 36
9 56 37
56 9 37
10 56 38
56 10 38
11 56 39
56 11 39
12 56 40
56 12 40
1 57 29
57 1 29
7 57 35
57 7 35
2 57 30
57 2 30
3 57 31
57 3 31
4 57 32
57 4 32
5 57 33
57 5 33
6 57 34
57 6 34
8 57 36
57 8 36
9 57 37
57 9 37
10 57 38
57 10 38
11 57 39
57 11 39
12 57 40
57 12 40
13 57 41
57 13 41
14 57 42
57 14 42
15 57 43
57 15 43
16 57 44
57 16 44
17 57 45
57 17 45
2 58 30
58 2 30
8 58 36
58 8 36
13 58 41
58 13 41
3 58 31
58 3 31
4 58 32
58 4 32
5 58 33
58 5 33
6 58 34
58 6 34
9 58 37
58 9 37
10 58 38
58 10 38
11 58 39
58 11 39
12 58 40
58 12 40
14 58 42
58 14 42
15 58 43
58 15 43
16 58 44
58 16 44
17 58 45
58 17 45
18 58 46
58 18 46
19 58 47
58 19 47
20 58 48
58 20 48
21 58 49
58 21 49
3 59 31
59 3 31
9 59 37
59 9 37
14 59 42
59 14 42
18 59 46
59 18 46
4 59 32
59 4 32
5 59 33
59 5 33
6 59 34
59 6 34
10 59 38
59 10 38
11 59 39
59 11 39
12 59 40
59 12 40
15 59 43
59 15 43
16 59 44
59 16 44
17 59 45
59 17 45
19 59 47
59 19 47
20 59 48
59 20 48
21 59 49
59 21 49
22 59 50
59 22 50
23 59 51
59 23 51
24 59 52
59 24 52
4 60 32
60 4 32
10 60 38
60 10 38
15 60 43
60 15 43
19 60 47
60 19 47
22 60 50
60 22 50
5 60 33
60 5 33
6 60 34
60 6 34
11 60 39
60 11 39
12 60 40
60 12 40
16 60 44
60 16 44
17 60 45
60 17 45
20 60 48
60 20 48
21 60 49
60 21 49
23 60 51
60 23 51
24 60 52
60 24 52
25 60 53
60 25 53
26 60 54
60 26 54
5 61 33
61 5 33
11 61 39
61 11 39
16 61 44
61 16 44
20 61 48
61 20 48
23 61 51
61 23 51
25 61 53
61 25 53
6 61 34
61 6 34
12 61 40
61 12 40
17 61 45
61 17 45
21 61 49
61 21 49
24 61 52
61 24 52
26 61 54
61 26 54
27 61 55
61 27 55
6 62 34
62 6 34
12 62 40
62 12 40
17 62 45
62 17 45
21 62 49
62 21 49
24 62 52
62 24 52
26 62 54
62 26 54
27 62 55
62 27 55
28 35 29
28 36 30
28 37 31
28 38 32
28 39 33
28 40 34
29 41 30
29 42 31
29 43 32
29 44 33
29 45 34
35 41 36
35 42 37
35 43 38
35 44 39
35 45 40
30 46 31
30 47 32
30 48 33
30 49 34
36 46 37
36 47 38
36 48 39
36 49 40
41 46 42
41 47 43
41 48 44
41 49 45
31 50 32
31 51 33
31 52 34
37 50 38
37 51 39
37 52 40
42 50 43
42 51 44
42 52 45
46 50 47
46 51 48
46 52 49
32 53 33
32 54 34
38 53 39
38 54 40
43 53 44
43 54 45
47 53 48
47 54 49
50 53 51
50 54 52
33 55 34
39 55 40
44 55 45
48 55 49
51 55 52
53 55 54
35 28 29
36 28 30
37 28 31
38 28 32
39 28 33
40 28 34
41 29 30
41 35 36
42 29 31
42 35 37
43 29 32
43 35 38
44 29 33
44 35 39
45 29 34
45 35 40
46 30 31
46 36 37
46 41 42
47 30 32
47 36 38
47 41 43
48 30 33
48 36 39
48 41 44
49 30 34
49 36 40
49 41 45
50 31 32
50 37 38
50 42 43
50 46 47
51 31 33
51 37 39
51 42 44
51 46 48
52 31 34
52 37 40
52 42 45
52 46 49
53 32 33
53 38 39
53 43 44
53 47 48
53 50 51
54 32 34
54 38 40
54 43 45
54 47 49
54 50 52
55 33 34
55 39 40
55 44 45
55 48 49
55 51 52
55 53 54
28 29 35
28 30 36
28 31 37
28 32 38
28 33 39
28 34 40
29 28 35
29 30 41
29 31 42
29 32 43
29 33 44
29 34 45
30 28 36
30 29 41
30 31 46
30 32 47
30 33 48
30 34 49
31 28 37
31 29 42
31 30 46
31 32 50
31 33 51
31 34 52
32 28 38
32 29 43
32 30 47
32 31 50
32 33 53
32 34 54
33 28 39
33 29 44
33 30 48
33 31 51
33 32 53
33 34 55
34 28 40
34 29 45
34 30 49
34 31 52
34 32 54
34 33 55
35 36 41
35 37 42
35 38 43
35 39 44
35 40 45
36 35 41
36 37 46
36 38 47
36 39 48
36 40 49
37 35 42
37 36 46
37 38 50
37 39 51
37 40 52
38 35 43
38 36 47
38 37 50
38 39 53
38 40 54
39 35 44
39 36 48
39 37 51
39 38 53
39 40 55
40 35 45
40 36 49
40 37 52
40 38 54
40 39 55
41 42 46
41 43 47
41 44 48
41 45 49
42 41 46
42 43 50
42 44 51
42 45 52
43 41 47
43 42 50
43 44 53
43 45 54
44 41 48
44 42 51
44 43 53
44 45 55
45 41 49
45 42 52
45 43 54
45 44 55
46 47 50
46 48 51
46 49 52
47 46 50
47 48 53
47 49 54
48 46 51
48 47 53
48 49 55
49 46 52
49 47 54
49 48 55
50 51 53
50 52 54
51 50 53
51 52 55
52 50 54
52 51 55
53 54 55
54 53 55
29 35 28
35 29 28
30 36 28
30 41 29
36 30 28
36 41 35
41 30 29
41 36 35
31 37 28
31 42 29
31 46 30
37 31 28
37 42 35
37 46 36
42 31 29
42 37 35
42 46 41
46 31 30
46 37 36
46 42 41
32 38 28
32 43 29
32 47 30
32 50 31
38 32 28
38 43 35
38 47 36
38 50 37
43 32 29
43 38 35
43 47 41
43 50 42
47 32 30
47 38 36
47 43 41
47 50 46
50 32 31
50 38 37
50 43 42
50 47 46
33 39 28
33 44 29
33 48 30
33 51 31
33 53 32
39 33 28
39 44 35
39 48 36
39 51 37
39 53 38
44 33 29
44 39 35
44 48 41
44 51 42
44 53 43
48 33 30
48 39 36
48 44 41
48 51 46
48 53 47
51 33 31
51 39 37
51 44 42
51 48 46
51 53 50
53 33 32
53 39 38
53 44 43
53 48 47
53 51 50
34 40 28
34 45 29
34 49 30
34 52 31
34 54 32
34 55 33
40 34 28
40 45 35
40 49 36
40 52 37
40 54 38
40 55 39
45 34 29
45 40 35
45 49 41
45 52 42
45 54 43
45 55 44
49 34 30
49 40 36
49 45 41
49 52 46
49 54 47
49 55 48
52 34 31
52 40 37
52 45 42
52 49 46
52 54 50
52 55 51
54 34 32
54 40 38
54 45 43
54 49 47
54 52 50
54 55 53
55 34 33
55 40 39
55 45 44
55 49 48
55 52 51
55 54 53
28 56 0
56 28 0
29 56 1
56 29 1
30 56 2
56 30 2
31 56 3
56 31 3
32 56 4
56 32 4
33 56 5
56 33 5
34 56 6
56 34 6
35 56 7
56 35 7
36 56 8
56 36 8
37 56 9
56 37 9
38 56 10
56 38 10
39 56 11
56 39 11
40 56 12
56 40 12
29 57 1
57 29 1
35 57 7
57 35 7
30 57 2
57 30 2
31 57 3
57 31 3
32 57 4
57 32 4
33 57 5
57 33 5
34 57 6
57 34 6
36 57 8
57 36 8
37 57 9
57 37 9
38 57 10
57 38 10
39 57 11
57 39 11
40 57 12
57 40 12
41 57 13
57 41 13
42 57 14
57 42 14
43 57 15
57 43 15
44 57 16
57 44 16
45 57 17
57 45 17
30 58 2
58 30 2
36 58 8
58 36 8
41 58 13
58 41 13
31 58 3
58 31 3
32 58 4
58 32 4
33 58 5
58 33 5
34 58 6
58 34 6
37 58 9
58 37 9
38 58 10
58 38 10
39 58 11
58 39 11
40 58 12
58 40 12
42 58 14
58 42 14
43 58 15
58 43 15
44 58 16
58 44 16
45 58 17
58 45 17
46 58 18
58 46 18
47 58 19
58 47 19
48 58 20
58 48 20
49 58 21
58 49 21
31 59 3
59 31 3
37 59 9
59 37 9
42 59 14
59 42 14
46 59 18
59 46 18
32 59 4
59 32 4
33 59 5
59 33 5
34 59 6
59 34 6
38 59 10
59 38 10
39 59 11
59 39 11
40 59 12
59 40 12
43 59 15
59 43 15
44 59 16
59 44 16
45 59 17
59 45 17
47 59 19
59 47 19
48 59 20
59 48 20
49 59 21
59 49 21
50 59 22
59 50 22
51 59 23
59 51 23
52 59 24
59 52 24
32 60 4
60 32 4
38 60 10
60 38 10
43 60 15
60 43 15
47 60 19
60 47 19
50 60 22
60 50 22
33 60 5
60 33 5
34 60 6
60 34 6
39 60 11
60 39 11
40 60 12
60 40 12
44 60 16
60 44 16
45 60 17
60 45 17
48 60 20
60 48 20
49 60 21
60 49 21
51 60 23
60 51 23
52 60 24
60 52 24
53 60 25
60 53 25
54 60 26
60 54 26
33 61 5
61 33 5
39 61 11
61 39 11
44 61 16
61 44 16
48 61 20
61 48 20
51 61 23
61 51 23
53 61 25
61 53 25
34 61 6
61 34 6
40 61 12
61 40 12
45 61 17
61 45 17
49 61 21
61 49 21
52 61 24
61 52 24
54 61 26
61 54 26
55 61 27
61 55 27
34 62 6
62 34 6
40 62 12
62 40 12
45 62 17
62 45 17
49 62 21
62 49 21
52 62 24
62 52 24
54 62 26
62 54 26
55 62 27
62 55 27
