0 11 67
0 12 68
0 13 69
0 14 70
0 15 71
0 16 72
0 17 73
0 18 74
0 19 75
0 20 76
1 21 68
1 22 69
1 23 70
1 24 71
1 25 72
1 26 73
1 27 74
1 28 75
1 29 76
11 21 78
11 22 79
11 23 80
11 24 81
11 25 82
11 26 83
11 27 84
11 28 85
11 29 86
2 30 69
2 31 70
2 32 71
2 33 72
2 34 73
2 35 74
2 36 75
2 37 76
12 30 79
12 31 80
12 32 81
12 33 82
12 34 83
12 35 84
12 36 85
12 37 86
21 30 88
21 31 89
21 32 90
21 33 91
21 34 92
21 35 93
21 36 94
21 37 95
3 38 70
3 39 71
3 40 72
3 41 73
3 42 74
3 43 75
3 44 76
13 38 80
13 39 81
13 40 82
13 41 83
13 42 84
13 43 85
13 44 86
22 38 89
22 39 90
22 40 91
22 41 92
22 42 93
22 43 94
22 44 95
30 38 97
30 39 98
30 40 99
30 41 100
30 42 101
30 43 102
30 44 103
4 45 71
4 46 72
4 47 73
4 48 74
4 49 75
4 50 76
14 45 81
14 46 82
14 47 83
14 48 84
14 49 85
14 50 86
23 45 90
23 46 91
23 47 92
23 48 93
23 49 94
23 50 95
31 45 98
31 46 99
31 47 100
31 48 101
31 49 102
31 50 103
38 45 105
38 46 106
38 47 107
38 48 108
38 49 109
38 50 110
5 51 72
5 52 73
5 53 74
5 54 75
5 55 76
15 51 82
15 52 83
15 53 84
15 54 85
15 55 86
24 51 91
24 52 92
24 53 93
24 54 94
24 55 95
32 51 99
32 52 100
32 53 101
32 54 102
32 55 103
39 51 106
39 52 107
39 53 108
39 54 109
39 55 110
45 51 112
45 52 113
45 53 114
45 54 115
45 55 116
6 56 73
6 57 74
6 58 75
6 59 76
16 56 83
16 57 84
16 58 85
16 59 86
25 56 92
25 57 93
25 58 94
25 59 95
33 56 100
33 57 101
33 58 102
33 59 103
40 56 107
40 57 108
40 58 109
40 59 110
46 56 113
46 57 114
46 58 115
46 59 116
51 56 118
51 57 119
51 58 120
51 59 121
7 60 74
7 61 75
7 62 76
17 60 84
17 61 85
17 62 86
26 60 93
26 61 94
26 62 95
34 60 101
34 61 102
34 62 103
41 60 108
41 61 109
41 62 110
47 60 114
47 61 115
47 62 116
52 60 119
52 61 120
52 62 121
56 60 123
56 61 124
56 62 125
8 63 75
8 64 76
18 63 85
18 64 86
27 63 94
27 64 95
35 63 102
35 64 103
42 63 109
42 64 110
48 63 115
48 64 116
53 63 120
53 64 121
57 63 124
57 64 125
60 63 127
60 64 128
9 65 76
19 65 86
28 65 95
36 65 103
43 65 110
49 65 116
54 65 121
58 65 125
61 65 128
63 65 130
11 0 67
12 0 68
13 0 69
14 0 70
15 0 71
16 0 72
17 0 73
18 0 74
19 0 75
20 0 76
21 1 68
21 11 78
22 1 69
22 11 79
23 1 70
23 11 80
24 1 71
24 11 81
25 1 72
25 11 82
26 1 73
26 11 83
27 1 74
27 11 84
28 1 75
28 11 85
29 1 76
29 11 86
30 2 69
30 12 79
30 21 88
31 2 70
31 12 80
31 21 89
32 2 71
32 12 81
32 21 90
33 2 72
33 12 82
33 21 91
34 2 73
34 12 83
34 21 92
35 2 74
35 12 84
35 21 93
36 2 75
36 12 85
36 21 94
37 2 76
37 12 86
37 21 95
38 3 70
38 13 80
38 22 89
38 30 97
39 3 71
39 13 81
39 22 90
39 30 98
40 3 72
40 13 82
40 22 91
40 30 99
41 3 73
41 13 83
41 22 92
41 30 100
42 3 74
42 13 84
42 22 93
42 30 101
43 3 75
43 13 85
43 22 94
43 30 102
44 3 76
44 13 86
44 22 95
44 30 103
45 4 71
45 14 81
45 23 90
45 31 98
45 38 105
46 4 72
46 14 82
46 23 91
46 31 99
46 38 106
47 4 73
47 14 83
47 23 92
47 31 100
47 38 107
48 4 74
48 14 84
48 23 93
48 31 101
48 38 108
49 4 75
49 14 85
49 23 94
49 31 102
49 38 109
50 4 76
50 14 86
50 23 95
50 31 103
50 38 110
51 5 72
51 15 82
51 24 91
51 32 99
51 39 106
51 45 112
52 5 73
52 15 83
52 24 92
52 32 100
52 39 107
52 45 113
53 5 74
53 15 84
53 24 93
53 32 101
53 39 108
53 45 114
54 5 75
54 15 85
54 24 94
54 32 102
54 39 109
54 45 115
55 5 76
55 15 86
55 24 95
55 32 103
55 39 110
55 45 116
56 6 73
56 16 83
56 25 92
56 33 100
56 40 107
56 46 113
56 51 118
57 6 74
57 16 84
57 25 93
57 33 101
57 40 108
57 46 114
57 51 119
58 6 75
58 16 85
58 25 94
58 33 102
58 40 109
58 46 115
58 51 120
59 6 76
59 16 86
59 25 95
59 33 103
59 40 110
59 46 116
59 51 121
60 7 74
60 17 84
60 26 93
60 34 101
60 41 108
60 47 114
60 52 119
60 56 123
61 7 75
61 17 85
61 26 94
61 34 102
61 41 109
61 47 115
61 52 120
61 56 124
62 7 76
62 17 86
62 26 95
62 34 103
62 41 110
62 47 116
62 52 121
62 56 125
63 8 75
63 18 85
63 27 94
63 35 102
63 42 109
63 48 115
63 53 120
63 57 124
63 60 127
64 8 76
64 18 86
64 27 95
64 35 103
64 42 110
64 48 116
64 53 121
64 57 125
64 60 128
65 9 76
65 19 86
65 28 95
65 36 103
65 43 110
65 49 116
65 54 121
65 58 125
65 61 128
65 63 130
0 1 77
0 2 78
0 3 79
0 4 80
0 5 81
0 6 82
0 7 83
0 8 84
0 9 85
0 10 86
1 0 77
1 2 87
1 3 88
1 4 89
1 5 90
1 6 91
1 7 92
1 8 93
1 9 94
1 10 95
2 0 78
2 1 87
2 3 96
2 4 97
2 5 98
2 6 99
2 7 100
2 8 101
2 9 102
2 10 103
3 0 79
3 1 88
3 2 96
3 4 104
3 5 105
3 6 106
3 7 107
3 8 108
3 9 109
3 10 110
4 0 80
4 1 89
4 2 97
4 3 104
4 5 111
4 6 112
4 7 113
4 8 114
4 9 115
4 10 116
5 0 81
5 1 90
5 2 98
5 3 105
5 4 111
5 6 117
5 7 118
5 8 119
5 9 120
5 10 121
6 0 82
6 1 91
6 2 99
6 3 106
6 4 112
6 5 117
6 7 122
6 8 123
6 9 124
6 10 125
7 0 83
7 1 92
7 2 100
7 3 107
7 4 113
7 5 118
7 6 122
7 8 126
7 9 127
7 10 128
8 0 84
8 1 93
8 2 101
8 3 108
8 4 114
8 5 119
8 6 123
8 7 126
8 9 129
8 10 130
9 0 85
9 1 94
9 2 102
9 3 109
9 4 115
9 5 120
9 6 124
9 7 127
9 8 129
9 10 131
10 0 86
10 1 95
10 2 103
10 3 110
10 4 116
10 5 121
10 6 125
10 7 128
10 8 130
10 9 131
11 12 87
11 13 88
11 14 89
11 15 90
11 16 91
11 17 92
11 18 93
11 19 94
11 20 95
12 11 87
12 13 96
12 14 97
12 15 98
12 16 99
12 17 100
12 18 101
12 19 102
12 20 103
13 11 88
13 12 96
13 14 104
13 15 105
13 16 106
13 17 107
13 18 108
13 19 109
13 20 110
14 11 89
14 12 97
14 13 104
14 15 111
14 16 112
14 17 113
14 18 114
14 19 115
14 20 116
15 11 90
15 12 98
15 13 105
15 14 111
15 16 117
15 17 118
15 18 119
15 19 120
15 20 121
16 11 91
16 12 99
16 13 106
16 14 112
16 15 117
16 17 122
16 18 123
16 19 124
16 20 125
17 11 92
17 12 100
17 13 107
17 14 113
17 15 118
17 16 122
17 18 126
17 19 127
17 20 128
18 11 93
18 12 101
18 13 108
18 14 114
18 15 119
18 16 123
18 17 126
18 19 129
18 20 130
19 11 94
19 12 102
19 13 109
19 14 115
19 15 120
19 16 124
19 17 127
19 18 129
19 20 131
20 11 95
20 12 103
20 13 110
20 14 116
20 15 121
20 16 125
20 17 128
20 18 130
20 19 131
21 22 96
21 23 97
21 24 98
21 25 99
21 26 100
21 27 101
21 28 102
21 29 103
22 21 96
22 23 104
22 24 105
22 25 106
22 26 107
22 27 108
22 28 109
22 29 110
23 21 97
23 22 104
23 24 111
23 25 112
23 26 113
23 27 114
23 28 115
23 29 116
24 21 98
24 22 105
24 23 111
24 25 117
24 26 118
24 27 119
24 28 120
24 29 121
25 21 99
25 22 106
25 23 112
25 24 117
25 26 122
25 27 123
25 28 124
25 29 125
26 21 100
26 22 107
26 23 113
26 24 118
26 25 122
26 27 126
26 28 127
26 29 128
27 21 101
27 22 108
27 23 114
27 24 119
27 25 123
27 26 126
27 28 129
27 29 130
28 21 102
28 22 109
28 23 115
28 24 120
28 25 124
28 26 127
28 27 129
28 29 131
29 21 103
29 22 110
29 23 116
29 24 121
29 25 125
29 26 128
29 27 130
29 28 131
30 31 104
30 32 105
30 33 106
30 34 107
30 35 108
30 36 109
30 37 110
31 30 104
31 32 111
31 33 112
31 34 113
31 35 114
31 36 115
31 37 116
32 30 105
32 31 111
32 33 117
32 34 118
32 35 119
32 36 120
32 37 121
33 30 106
33 31 112
33 32 117
33 34 122
33 35 123
33 36 124
33 37 125
34 30 107
34 31 113
34 32 118
34 33 122
34 35 126
34 36 127
34 37 128
35 30 108
35 31 114
35 32 119
35 33 123
35 34 126
35 36 129
35 37 130
36 30 109
36 31 115
36 32 120
36 33 124
36 34 127
36 35 129
36 37 131
37 30 110
37 31 116
37 32 121
37 33 125
37 34 128
37 35 130
37 36 131
38 39 111
38 40 112
38 41 113
38 42 114
38 43 115
38 44 116
39 38 111
39 40 117
39 41 118
39 42 119
39 43 120
39 44 121
40 38 112
40 39 117
40 41 122
40 42 123
40 43 124
40 44 125
41 38 113
41 39 118
41 40 122
41 42 126
41 43 127
41 44 128
42 38 114
42 39 119
42 40 123
42 41 126
42 43 129
42 44 130
43 38 115
43 39 120
43 40 124
43 41 127
43 42 129
43 44 131
44 38 116
44 39 121
44 40 125
44 41 128
44 42 130
44 43 131
45 46 117
45 47 118
45 48 119
45 49 120
45 50 121
46 45 117
46 47 122
46 48 123
46 49 124
46 50 125
47 45 118
47 46 122
47 48 126
47 49 127
47 50 128
48 45 119
48 46 123
48 47 126
48 49 129
48 50 130
49 45 120
49 46 124
49 47 127
49 48 129
49 50 131
50 45 121
50 46 125
50 47 128
50 48 130
50 49 131
51 52 122
51 53 123
51 54 124
51 55 125
52 51 122
52 53 126
52 54 127
52 55 128
53 51 123
53 52 126
53 54 129
53 55 130
54 51 124
54 52 127
54 53 129
54 55 131
55 51 125
55 52 128
55 53 130
55 54 131
56 57 126
56 58 127
56 59 128
57 56 126
57 58 129
57 59 130
58 56 127
58 57 129
58 59 131
59 56 128
59 57 130
59 58 131
60 61 129
60 62 130
61 60 129
61 62 131
62 60 130
62 61 131
63 64 131
64 63 131
1 11 66
11 1 66
2 12 66
2 21 67
12 2 66
12 21 77
21 2 67
21 12 77
3 13 66
3 22 67
3 30 68
13 3 66
13 22 77
13 30 78
22 3 67
22 13 77
22 30 87
30 3 68
30 13 78
30 22 87
4 14 66
4 23 67
4 31 68
4 38 69
14 4 66
14 23 77
14 31 78
14 38 79
23 4 67
23 14 77
23 31 87
23 38 88
31 4 68
31 14 78
31 23 87
31 38 96
38 4 69
38 14 79
38 23 88
38 31 96
5 15 66
5 24 67
5 32 68
5 39 69
5 45 70
15 5 66
15 24 77
15 32 78
15 39 79
15 45 80
24 5 67
24 15 77
24 32 87
24 39 88
24 45 89
32 5 68
32 15 78
32 24 87
32 39 96
32 45 97
39 5 69
39 15 79
39 24 88
39 32 96
39 45 104
45 5 70
45 15 80
45 24 89
45 32 97
45 39 104
6 16 66
6 25 67
6 33 68
6 40 69
6 46 70
6 51 71
16 6 66
16 25 77
16 33 78
16 40 79
16 46 80
16 51 81
25 6 67
25 16 77
25 33 87
25 40 88
25 46 89
25 51 90
33 6 68
33 16 78
33 25 87
33 40 96
33 46 97
33 51 98
40 6 69
40 16 79
40 25 88
40 33 96
40 46 104
40 51 105
46 6 70
46 16 80
46 25 89
46 33 97
46 40 104
46 51 111
51 6 71
51 16 81
51 25 90
51 33 98
51 40 105
51 46 111
7 17 66
7 26 67
7 34 68
7 41 69
7 47 70
7 52 71
7 56 72
17 7 66
17 26 77
17 34 78
17 41 79
17 47 80
17 52 81
17 56 82
26 7 67
26 17 77
26 34 87
26 41 88
26 47 89
26 52 90
26 56 91
34 7 68
34 17 78
34 26 87
34 41 96
34 47 97
34 52 98
34 56 99
41 7 69
41 17 79
41 26 88
41 34 96
41 47 104
41 52 105
41 56 106
47 7 70
47 17 80
47 26 89
47 34 97
47 41 104
47 52 111
47 56 112
52 7 71
52 17 81
52 26 90
52 34 98
52 41 105
52 47 111
52 56 117
56 7 72
56 17 82
56 26 91
56 34 99
56 41 106
56 47 112
56 52 117
8 18 66
8 27 67
8 35 68
8 42 69
8 48 70
8 53 71
8 57 72
8 60 73
18 8 66
18 27 77
18 35 78
18 42 79
18 48 80
18 53 81
18 57 82
18 60 83
27 8 67
27 18 77
27 35 87
27 42 88
27 48 89
27 53 90
27 57 91
27 60 92
35 8 68
35 18 78
35 27 87
35 42 96
35 48 97
35 53 98
35 57 99
35 60 100
42 8 69
42 18 79
42 27 88
42 35 96
42 48 104
42 53 105
42 57 106
42 60 107
48 8 70
48 18 80
48 27 89
48 35 97
48 42 104
48 53 111
48 57 112
48 60 113
53 8 71
53 18 81
53 27 90
53 35 98
53 42 105
53 48 111
53 57 117
53 60 118
57 8 72
57 18 82
57 27 91
57 35 99
57 42 106
57 48 112
57 53 117
57 60 122
60 8 73
60 18 83
60 27 92
60 35 100
60 42 107
60 48 113
60 53 118
60 57 122
9 19 66
9 28 67
9 36 68
9 43 69
9 49 70
9 54 71
9 58 72
9 61 73
9 63 74
19 9 66
19 28 77
19 36 78
19 43 79
19 49 80
19 54 81
19 58 82
19 61 83
19 63 84
28 9 67
28 19 77
28 36 87
28 43 88
28 49 89
28 54 90
28 58 91
28 61 92
28 63 93
36 9 68
36 19 78
36 28 87
36 43 96
36 49 97
36 54 98
36 58 99
36 61 100
36 63 101
43 9 69
43 19 79
43 28 88
43 36 96
43 49 104
43 54 105
43 58 106
43 61 107
43 63 108
49 9 70
49 19 80
49 28 89
49 36 97
49 43 104
49 54 111
49 58 112
49 61 113
49 63 114
54 9 71
54 19 81
54 28 90
54 36 98
54 43 105
54 49 111
54 58 117
54 61 118
54 63 119
58 9 72
58 19 82
58 28 91
58 36 99
58 43 106
58 49 112
58 54 117
58 61 122
58 63 123
61 9 73
61 19 83
61 28 92
61 36 100
61 43 107
61 49 113
61 54 118
61 58 122
61 63 126
63 9 74
63 19 84
63 28 93
63 36 101
63 43 108
63 49 114
63 54 119
63 58 123
63 61 126
10 20 66
10 29 67
10 37 68
10 44 69
10 50 70
10 55 71
10 59 72
10 62 73
10 64 74
10 65 75
20 10 66
20 29 77
20 37 78
20 44 79
20 50 80
20 55 81
20 59 82
20 62 83
20 64 84
20 65 85
29 10 67
29 20 77
29 37 87
29 44 88
29 50 89
29 55 90
29 59 91
29 62 92
29 64 93
29 65 94
37 10 68
37 20 78
37 29 87
37 44 96
37 50 97
37 55 98
37 59 99
37 62 100
37 64 101
37 65 102
44 10 69
44 20 79
44 29 88
44 37 96
44 50 104
44 55 105
44 59 106
44 62 107
44 64 108
44 65 109
50 10 70
50 20 80
50 29 89
50 37 97
50 44 104
50 55 111
50 59 112
50 62 113
50 64 114
50 65 115
55 10 71
55 20 81
55 29 90
55 37 98
55 44 105
55 50 111
55 59 117
55 62 118
55 64 119
55 65 120
59 10 72
59 20 82
59 29 91
59 37 99
59 44 106
59 50 112
59 55 117
59 62 122
59 64 123
59 65 124
62 10 73
62 20 83
62 29 92
62 37 100
62 44 107
62 50 113
62 55 118
62 59 122
62 64 126
62 65 127
64 10 74
64 20 84
64 29 93
64 37 101
64 44 108
64 50 114
64 55 119
64 59 123
64 62 126
64 65 129
65 10 75
65 20 85
65 29 94
65 37 102
65 44 109
65 50 115
65 55 120
65 59 124
65 62 127
65 64 129
0 77 1
77 0 1
0 78 2
78 0 2
0 79 3
79 0 3
0 80 4
80 0 4
0 81 5
81 0 5
0 82 6
82 0 6
0 83 7
83 0 7
0 84 8
84 0 8
0 85 9
85 0 9
0 86 10
86 0 10
1 87 2
87 1 2
1 88 3
88 1 3
1 89 4
89 1 4
1 90 5
90 1 5
1 91 6
91 1 6
1 92 7
92 1 7
1 93 8
93 1 8
1 94 9
94 1 9
1 95 10
95 1 10
11 87 12
87 11 12
11 88 13
88 11 13
11 89 14
89 11 14
11 90 15
90 11 15
11 91 16
91 11 16
11 92 17
92 11 17
11 93 18
93 11 18
11 94 19
94 11 19
11 95 20
95 11 20
2 96 3
96 2 3
2 97 4
97 2 4
2 98 5
98 2 5
2 99 6
99 2 6
2 100 7
100 2 7
2 101 8
101 2 8
2 102 9
102 2 9
2 103 10
103 2 10
12 96 13
96 12 13
12 97 14
97 12 14
12 98 15
98 12 15
12 99 16
99 12 16
12 100 17
100 12 17
12 101 18
101 12 18
12 102 19
102 12 19
12 103 20
103 12 20
21 96 22
96 21 22
21 97 23
97 21 23
21 98 24
98 21 24
21 99 25
99 21 25
21 100 26
100 21 26
21 101 27
101 21 27
21 102 28
102 21 28
21 103 29
103 21 29
3 104 4
104 3 4
3 105 5
105 3 5
3 106 6
106 3 6
3 107 7
107 3 7
3 108 8
108 3 8
3 109 9
109 3 9
3 110 10
110 3 10
13 104 14
104 13 14
13 105 15
105 13 15
13 106 16
106 13 16
13 107 17
107 13 17
13 108 18
108 13 18
13 109 19
109 13 19
13 110 20
110 13 20
22 104 23
104 22 23
22 105 24
105 22 24
22 106 25
106 22 25
22 107 26
107 22 26
22 108 27
108 22 27
22 109 28
109 22 28
22 110 29
110 22 29
30 104 31
104 30 31
30 105 32
105 30 32
30 106 33
106 30 33
30 107 34
107 30 34
30 108 35
108 30 35
30 109 36
109 30 36
30 110 37
110 30 37
4 111 5
111 4 5
4 112 6
112 4 6
4 113 7
113 4 7
4 114 8
114 4 8
4 115 9
115 4 9
4 116 10
116 4 10
14 111 15
111 14 15
14 112 16
112 14 16
14 113 17
113 14 17
14 114 18
114 14 18
14 115 19
115 14 19
14 116 20
116 14 20
23 111 24
111 23 24
23 112 25
112 23 25
23 113 26
113 23 26
23 114 27
114 23 27
23 115 28
115 23 28
23 116 29
116 23 29
31 111 32
111 31 32
31 112 33
112 31 33
31 113 34
113 31 34
31 114 35
114 31 35
31 115 36
115 31 36
31 116 37
116 31 37
38 111 39
111 38 39
38 112 40
112 38 40
38 113 41
113 38 41
38 114 42
114 38 42
38 115 43
115 38 43
38 116 44
116 38 44
5 117 6
117 5 6
5 118 7
118 5 7
5 119 8
119 5 8
5 120 9
120 5 9
5 121 10
121 5 10
15 117 16
117 15 16
15 118 17
118 15 17
15 119 18
119 15 18
15 120 19
120 15 19
15 121 20
121 15 20
24 117 25
117 24 25
24 118 26
118 24 26
24 119 27
119 24 27
24 120 28
120 24 28
24 121 29
121 24 29
32 117 33
117 32 33
32 118 34
118 32 34
32 119 35
119 32 35
32 120 36
120 32 36
32 121 37
121 32 37
39 117 40
117 39 40
39 118 41
118 39 41
39 119 42
119 39 42
39 120 43
120 39 43
39 121 44
121 39 44
45 117 46
117 45 46
45 118 47
118 45 47
45 119 48
119 45 48
45 120 49
120 45 49
45 121 50
121 45 50
6 122 7
122 6 7
6 123 8
123 6 8
6 124 9
124 6 9
6 125 10
125 6 10
16 122 17
122 16 17
16 123 18
123 16 18
16 124 19
124 16 19
16 125 20
125 16 20
25 122 26
122 25 26
25 123 27
123 25 27
25 124 28
124 25 28
25 125 29
125 25 29
33 122 34
122 33 34
33 123 35
123 33 35
33 124 36
124 33 36
33 125 37
125 33 37
40 122 41
122 40 41
40 123 42
123 40 42
40 124 43
124 40 43
40 125 44
125 40 44
46 122 47
122 46 47
46 123 48
123 46 48
46 124 49
124 46 49
46 125 50
125 46 50
51 122 52
122 51 52
51 123 53
123 51 53
51 124 54
124 51 54
51 125 55
125 51 55
7 126 8
126 7 8
7 127 9
127 7 9
7 128 10
128 7 10
17 126 18
126 17 18
17 127 19
127 17 19
17 128 20
128 17 20
26 126 27
126 26 27
26 127 28
127 26 28
26 128 29
128 26 29
34 126 35
126 34 35
34 127 36
127 34 36
34 128 37
128 34 37
41 126 42
126 41 42
41 127 43
127 41 43
41 128 44
128 41 44
47 126 48
126 47 48
47 127 49
127 47 49
47 128 50
128 47 50
52 126 53
126 52 53
52 127 54
127 52 54
52 128 55
128 52 55
56 126 57
126 56 57
56 127 58
127 56 58
56 128 59
128 56 59
8 129 9
129 8 9
8 130 10
130 8 10
18 129 19
129 18 19
18 130 20
130 18 20
27 129 28
129 27 28
27 130 29
130 27 29
35 129 36
129 35 36
35 130 37
130 35 37
42 129 43
129 42 43
42 130 44
130 42 44
48 129 49
129 48 49
48 130 50
130 48 50
53 129 54
129 53 54
53 130 55
130 53 55
57 129 58
129 57 58
57 130 59
130 57 59
60 129 61
129 60 61
60 130 62
130 60 62
9 131 10
131 9 10
19 131 20
131 19 20
28 131 29
131 28 29
36 131 37
131 36 37
43 131 44
131 43 44
49 131 50
131 49 50
54 131 55
131 54 55
58 131 59
131 58 59
61 131 62
131 61 62
63 131 64
131 63 64
11 66 1
66 11 1
12 66 2
66 12 2
13 66 3
66 13 3
14 66 4
66 14 4
15 66 5
66 15 5
16 66 6
66 16 6
17 66 7
66 17 7
18 66 8
66 18 8
19 66 9
66 19 9
20 66 10
66 20 10
21 67 2
67 21 2
21 77 12
77 21 12
22 67 3
67 22 3
22 77 13
77 22 13
23 67 4
67 23 4
23 77 14
77 23 14
24 67 5
67 24 5
24 77 15
77 24 15
25 67 6
67 25 6
25 77 16
77 25 16
26 67 7
67 26 7
26 77 17
77 26 17
27 67 8
67 27 8
27 77 18
77 27 18
28 67 9
67 28 9
28 77 19
77 28 19
29 67 10
67 29 10
29 77 20
77 29 20
30 68 3
68 30 3
30 78 13
78 30 13
30 87 22
87 30 22
31 68 4
68 31 4
31 78 14
78 31 14
31 87 23
87 31 23
32 68 5
68 32 5
32 78 15
78 32 15
32 87 24
87 32 24
33 68 6
68 33 6
33 78 16
78 33 16
33 87 25
87 33 25
34 68 7
68 34 7
34 78 17
78 34 17
34 87 26
87 34 26
35 68 8
68 35 8
35 78 18
78 35 18
35 87 27
87 35 27
36 68 9
68 36 9
36 78 19
78 36 19
36 87 28
87 36 28
37 68 10
68 37 10
37 78 20
78 37 20
37 87 29
87 37 29
38 69 4
69 38 4
38 79 14
79 38 14
38 88 23
88 38 23
38 96 31
96 38 31
39 69 5
69 39 5
39 79 15
79 39 15
39 88 24
88 39 24
39 96 32
96 39 32
40 69 6
69 40 6
40 79 16
79 40 16
40 88 25
88 40 25
40 96 33
96 40 33
41 69 7
69 41 7
41 79 17
79 41 17
41 88 26
88 41 26
41 96 34
96 41 34
42 69 8
69 42 8
42 79 18
79 42 18
42 88 27
88 42 27
42 96 35
96 42 35
43 69 9
69 43 9
43 79 19
79 43 19
43 88 28
88 43 28
43 96 36
96 43 36
44 69 10
69 44 10
44 79 20
79 44 20
44 88 29
88 44 29
44 96 37
96 44 37
45 70 5
70 45 5
45 80 15
80 45 15
45 89 24
89 45 24
45 97 32
97 45 32
45 104 39
104 45 39
46 70 6
70 46 6
46 80 16
80 46 16
46 89 25
89 46 25
46 97 33
97 46 33
46 104 40
104 46 40
47 70 7
70 47 7
47 80 17
80 47 17
47 89 26
89 47 26
47 97 34
97 47 34
47 104 41
104 47 41
48 70 8
70 48 8
48 80 18
80 48 18
48 89 27
89 48 27
48 97 35
97 48 35
48 104 42
104 48 42
49 70 9
70 49 9
49 80 19
80 49 19
49 89 28
89 49 28
49 97 36
97 49 36
49 104 43
104 49 43
50 70 10
70 50 10
50 80 20
80 50 20
50 89 29
89 50 29
50 97 37
97 50 37
50 104 44
104 50 44
51 71 6
71 51 6
51 81 16
81 51 16
51 90 25
90 51 25
51 98 33
98 51 33
51 105 40
105 51 40
51 111 46
111 51 46
52 71 7
71 52 7
52 81 17
81 52 17
52 90 26
90 52 26
52 98 34
98 52 34
52 105 41
105 52 41
52 111 47
111 52 47
53 71 8
71 53 8
53 81 18
81 53 18
53 90 27
90 53 27
53 98 35
98 53 35
53 105 42
105 53 42
53 111 48
111 53 48
54 71 9
71 54 9
54 81 19
81 54 19
54 90 28
90 54 28
54 98 36
98 54 36
54 105 43
105 54 43
54 111 49
111 54 49
55 71 10
71 55 10
55 81 20
81 55 20
55 90 29
90 55 29
55 98 37
98 55 37
55 105 44
105 55 44
55 111 50
111 55 50
56 72 7
72 56 7
56 82 17
82 56 17
56 91 26
91 56 26
56 99 34
99 56 34
56 106 41
106 56 41
56 112 47
112 56 47
56 117 52
117 56 52
57 72 8
72 57 8
57 82 18
82 57 18
57 91 27
91 57 27
57 99 35
99 57 35
57 106 42
106 57 42
57 112 48
112 57 48
57 117 53
117 57 53
58 72 9
72 58 9
58 82 19
82 58 19
58 91 28
91 58 28
58 99 36
99 58 36
58 106 43
106 58 43
58 112 49
112 58 49
58 117 54
117 58 54
59 72 10
72 59 10
59 82 20
82 59 20
59 91 29
91 59 29
59 99 37
99 59 37
59 106 44
106 59 44
59 112 50
112 59 50
59 117 55
117 59 55
60 73 8
73 60 8
60 83 18
83 60 18
60 92 27
92 60 27
60 100 35
100 60 35
60 107 42
107 60 42
60 113 48
113 60 48
60 118 53
118 60 53
60 122 57
122 60 57
61 73 9
73 61 9
61 83 19
83 61 19
61 92 28
92 61 28
61 100 36
100 61 36
61 107 43
107 61 43
61 113 49
113 61 49
61 118 54
118 61 54
61 122 58
122 61 58
62 73 10
73 62 10
62 83 20
83 62 20
62 92 29
92 62 29
62 100 37
100 62 37
62 107 44
107 62 44
62 113 50
113 62 50
62 118 55
118 62 55
62 122 59
122 62 59
63 74 9
74 63 9
63 84 19
84 63 19
63 93 28
93 63 28
63 101 36
101 63 36
63 108 43
108 63 43
63 114 49
114 63 49
63 119 54
119 63 54
63 123 58
123 63 58
63 126 61
126 63 61
64 74 10
74 64 10
64 84 20
84 64 20
64 93 29
93 64 29
64 101 37
101 64 37
64 108 44
108 64 44
64 114 50
114 64 50
64 119 55
119 64 55
64 123 59
123 64 59
64 126 62
126 64 62
65 75 10
75 65 10
65 85 20
85 65 20
65 94 29
94 65 29
65 102 37
102 65 37
65 109 44
109 65 44
65 115 50
115 65 50
65 120 55
120 65 55
65 124 59
124 65 59
65 127 62
127 65 62
65 129 64
129 65 64
0 67 11
67 0 11
0 68 12
68 0 12
0 69 13
69 0 13
0 70 14
70 0 14
0 71 15
71 0 15
0 72 16
72 0 16
0 73 17
73 0 17
0 74 18
74 0 18
0 75 19
75 0 19
0 76 20
76 0 20
1 66 11
66 1 11
1 68 21
68 1 21
1 69 22
69 1 22
1 70 23
70 1 23
1 71 24
71 1 24
1 72 25
72 1 25
1 73 26
73 1 26
1 74 27
74 1 27
1 75 28
75 1 28
1 76 29
76 1 29
2 66 12
66 2 12
2 67 21
67 2 21
2 69 30
69 2 30
2 70 31
70 2 31
2 71 32
71 2 32
2 72 33
72 2 33
2 73 34
73 2 34
2 74 35
74 2 35
2 75 36
75 2 36
2 76 37
76 2 37
3 66 13
66 3 13
3 67 22
67 3 22
3 68 30
68 3 30
3 70 38
70 3 38
3 71 39
71 3 39
3 72 40
72 3 40
3 73 41
73 3 41
3 74 42
74 3 42
3 75 43
75 3 43
3 76 44
76 3 44
4 66 14
66 4 14
4 67 23
67 4 23
4 68 31
68 4 31
4 69 38
69 4 38
4 71 45
71 4 45
4 72 46
72 4 46
4 73 47
73 4 47
4 74 48
74 4 48
4 75 49
75 4 49
4 76 50
76 4 50
5 66 15
66 5 15
5 67 24
67 5 24
5 68 32
68 5 32
5 69 39
69 5 39
5 70 45
70 5 45
5 72 51
72 5 51
5 73 52
73 5 52
5 74 53
74 5 53
5 75 54
75 5 54
5 76 55
76 5 55
6 66 16
66 6 16
6 67 25
67 6 25
6 68 33
68 6 33
6 69 40
69 6 40
6 70 46
70 6 46
6 71 51
71 6 51
6 73 56
73 6 56
6 74 57
74 6 57
6 75 58
75 6 58
6 76 59
76 6 59
7 66 17
66 7 17
7 67 26
67 7 26
7 68 34
68 7 34
7 69 41
69 7 41
7 70 47
70 7 47
7 71 52
71 7 52
7 72 56
72 7 56
7 74 60
74 7 60
7 75 61
75 7 61
7 76 62
76 7 62
8 66 18
66 8 18
8 67 27
67 8 27
8 68 35
68 8 35
8 69 42
69 8 42
8 70 48
70 8 48
8 71 53
71 8 53
8 72 57
72 8 57
8 73 60
73 8 60
8 75 63
75 8 63
8 76 64
76 8 64
9 66 19
66 9 19
9 67 28
67 9 28
9 68 36
68 9 36
9 69 43
69 9 43
9 70 49
70 9 49
9 71 54
71 9 54
9 72 58
72 9 58
9 73 61
73 9 61
9 74 63
74 9 63
9 76 65
76 9 65
10 66 20
66 10 20
10 67 29
67 10 29
10 68 37
68 10 37
10 69 44
69 10 44
10 70 50
70 10 50
10 71 55
71 10 55
10 72 59
72 10 59
10 73 62
73 10 62
10 74 64
74 10 64
10 75 65
75 10 65
11 78 21
78 11 21
11 79 22
79 11 22
11 80 23
80 11 23
11 81 24
81 11 24
11 82 25
82 11 25
11 83 26
83 11 26
11 84 27
84 11 27
11 85 28
85 11 28
11 86 29
86 11 29
12 77 21
77 12 21
12 79 30
79 12 30
12 80 31
80 12 31
12 81 32
81 12 32
12 82 33
82 12 33
12 83 34
83 12 34
12 84 35
84 12 35
12 85 36
85 12 36
12 86 37
86 12 37
13 77 22
77 13 22
13 78 30
78 13 30
13 80 38
80 13 38
13 81 39
81 13 39
13 82 40
82 13 40
13 83 41
83 13 41
13 84 42
84 13 42
13 85 43
85 13 43
13 86 44
86 13 44
14 77 23
77 14 23
14 78 31
78 14 31
14 79 38
79 14 38
14 81 45
81 14 45
14 82 46
82 14 46
14 83 47
83 14 47
14 84 48
84 14 48
14 85 49
85 14 49
14 86 50
86 14 50
15 77 24
77 15 24
15 78 32
78 15 32
15 79 39
79 15 39
15 80 45
80 15 45
15 82 51
82 15 51
15 83 52
83 15 52
15 84 53
84 15 53
15 85 54
85 15 54
15 86 55
86 15 55
16 77 25
77 16 25
16 78 33
78 16 33
16 79 40
79 16 40
16 80 46
80 16 46
16 81 51
81 16 51
16 83 56
83 16 56
16 84 57
84 16 57
16 85 58
85 16 58
16 86 59
86 16 59
17 77 26
77 17 26
17 78 34
78 17 34
17 79 41
79 17 41
17 80 47
80 17 47
17 81 52
81 17 52
17 82 56
82 17 56
17 84 60
84 17 60
17 85 61
85 17 61
17 86 62
86 17 62
18 77 27
77 18 27
18 78 35
78 18 35
18 79 42
79 18 42
18 80 48
80 18 48
18 81 53
81 18 53
18 82 57
82 18 57
18 83 60
83 18 60
18 85 63
85 18 63
18 86 64
86 18 64
19 77 28
77 19 28
19 78 36
78 19 36
19 79 43
79 19 43
19 80 49
80 19 49
19 81 54
81 19 54
19 82 58
82 19 58
19 83 61
83 19 61
19 84 63
84 19 63
19 86 65
86 19 65
20 77 29
77 20 29
20 78 37
78 20 37
20 79 44
79 20 44
20 80 50
80 20 50
20 81 55
81 20 55
20 82 59
82 20 59
20 83 62
83 20 62
20 84 64
84 20 64
20 85 65
85 20 65
21 88 30
88 21 30
21 89 31
89 21 31
21 90 32
90 21 32
21 91 33
91 21 33
21 92 34
92 21 34
21 93 35
93 21 35
21 94 36
94 21 36
21 95 37
95 21 37
22 87 30
87 22 30
22 89 38
89 22 38
22 90 39
90 22 39
22 91 40
91 22 40
22 92 41
92 22 41
22 93 42
93 22 42
22 94 43
94 22 43
22 95 44
95 22 44
23 87 31
87 23 31
23 88 38
88 23 38
23 90 45
90 23 45
23 91 46
91 23 46
23 92 47
92 23 47
23 93 48
93 23 48
23 94 49
94 23 49
23 95 50
95 23 50
24 87 32
87 24 32
24 88 39
88 24 39
24 89 45
89 24 45
24 91 51
91 24 51
24 92 52
92 24 52
24 93 53
93 24 53
24 94 54
94 24 54
24 95 55
95 24 55
25 87 33
87 25 33
25 88 40
88 25 40
25 89 46
89 25 46
25 90 51
90 25 51
25 92 56
92 25 56
25 93 57
93 25 57
25 94 58
94 25 58
25 95 59
95 25 59
26 87 34
87 26 34
26 88 41
88 26 41
26 89 47
89 26 47
26 90 52
90 26 52
26 91 56
91 26 56
26 93 60
93 26 60
26 94 61
94 26 61
26 95 62
95 26 62
27 87 35
87 27 35
27 88 42
88 27 42
27 89 48
89 27 48
27 90 53
90 27 53
27 91 57
91 27 57
27 92 60
92 27 60
27 94 63
94 27 63
27 95 64
95 27 64
28 87 36
87 28 36
28 88 43
88 28 43
28 89 49
89 28 49
28 90 54
90 28 54
28 91 58
91 28 58
28 92 61
92 28 61
28 93 63
93 28 63
28 95 65
95 28 65
29 87 37
87 29 37
29 88 44
88 29 44
29 89 50
89 29 50
29 90 55
90 29 55
29 91 59
91 29 59
29 92 62
92 29 62
29 93 64
93 29 64
29 94 65
94 29 65
30 97 38
97 30 38
30 98 39
98 30 39
30 99 40
99 30 40
30 100 41
100 30 41
30 101 42
101 30 42
30 102 43
102 30 43
30 103 44
103 30 44
31 96 38
96 31 38
31 98 45
98 31 45
31 99 46
99 31 46
31 100 47
100 31 47
31 101 48
101 31 48
31 102 49
102 31 49
31 103 50
103 31 50
32 96 39
96 32 39
32 97 45
97 32 45
32 99 51
99 32 51
32 100 52
100 32 52
32 101 53
101 32 53
32 102 54
102 32 54
32 103 55
103 32 55
33 96 40
96 33 40
33 97 46
97 33 46
33 98 51
98 33 51
33 100 56
100 33 56
33 101 57
101 33 57
33 102 58
102 33 58
33 103 59
103 33 59
34 96 41
96 34 41
34 97 47
97 34 47
34 98 52
98 34 52
34 99 56
99 34 56
34 101 60
101 34 60
34 102 61
102 34 61
34 103 62
103 34 62
35 96 42
96 35 42
35 97 48
97 35 48
35 98 53
98 35 53
35 99 57
99 35 57
35 100 60
100 35 60
35 102 63
102 35 63
35 103 64
103 35 64
36 96 43
96 36 43
36 97 49
97 36 49
36 98 54
98 36 54
36 99 58
99 36 58
36 100 61
100 36 61
36 101 63
101 36 63
36 103 65
103 36 65
37 96 44
96 37 44
37 97 50
97 37 50
37 98 55
98 37 55
37 99 59
99 37 59
37 100 62
100 37 62
37 101 64
101 37 64
37 102 65
102 37 65
38 105 45
105 38 45
38 106 46
106 38 46
38 107 47
107 38 47
38 108 48
108 38 48
38 109 49
109 38 49
38 110 50
110 38 50
39 104 45
104 39 45
39 106 51
106 39 51
39 107 52
107 39 52
39 108 53
108 39 53
39 109 54
109 39 54
39 110 55
110 39 55
40 104 46
104 40 46
40 105 51
105 40 51
40 107 56
107 40 56
40 108 57
108 40 57
40 109 58
109 40 58
40 110 59
110 40 59
41 104 47
104 41 47
41 105 52
105 41 52
41 106 56
106 41 56
41 108 60
108 41 60
41 109 61
109 41 61
41 110 62
110 41 62
42 104 48
104 42 48
42 105 53
105 42 53
42 106 57
106 42 57
42 107 60
107 42 60
42 109 63
109 42 63
42 110 64
110 42 64
43 104 49
104 43 49
43 105 54
105 43 54
43 106 58
106 43 58
43 107 61
107 43 61
43 108 63
108 43 63
43 110 65
110 43 65
44 104 50
104 44 50
44 105 55
105 44 55
44 106 59
106 44 59
44 107 62
107 44 62
44 108 64
108 44 64
44 109 65
109 44 65
45 112 51
112 45 51
45 113 52
113 45 52
45 114 53
114 45 53
45 115 54
115 45 54
45 116 55
116 45 55
46 111 51
111 46 51
46 113 56
113 46 56
46 114 57
114 46 57
46 115 58
115 46 58
46 116 59
116 46 59
47 111 52
111 47 52
47 112 56
112 47 56
47 114 60
114 47 60
47 115 61
115 47 61
47 116 62
116 47 62
48 111 53
111 48 53
48 112 57
112 48 57
48 113 60
113 48 60
48 115 63
115 48 63
48 116 64
116 48 64
49 111 54
111 49 54
49 112 58
112 49 58
49 113 61
113 49 61
49 114 63
114 49 63
49 116 65
116 49 65
50 111 55
111 50 55
50 112 59
112 50 59
50 113 62
113 50 62
50 114 64
114 50 64
50 115 65
115 50 65
51 118 56
118 51 56
51 119 57
119 51 57
51 120 58
120 51 58
51 121 59
121 51 59
52 117 56
117 52 56
52 119 60
119 52 60
52 120 61
120 52 61
52 121 62
121 52 62
53 117 57
117 53 57
53 118 60
118 53 60
53 120 63
120 53 63
53 121 64
121 53 64
54 117 58
117 54 58
54 118 61
118 54 61
54 119 63
119 54 63
54 121 65
121 54 65
55 117 59
117 55 59
55 118 62
118 55 62
55 119 64
119 55 64
55 120 65
120 55 65
56 123 60
123 56 60
56 124 61
124 56 61
56 125 62
125 56 62
57 122 60
122 57 60
57 124 63
124 57 63
57 125 64
125 57 64
58 122 61
122 58 61
58 123 63
123 58 63
58 125 65
125 58 65
59 122 62
122 59 62
59 123 64
123 59 64
59 124 65
124 59 65
60 127 63
127 60 63
60 128 64
128 60 64
61 126 63
126 61 63
61 128 65
128 61 65
62 126 64
126 62 64
62 127 65
127 62 65
63 130 65
130 63 65
64 129 65
129 64 65
1 77 0
77 1 0
11 67 0
67 11 0
2 78 0
78 2 0
2 87 1
87 2 1
12 68 0
68 12 0
12 87 11
87 12 11
21 68 1
68 21 1
21 78 11
78 21 11
3 79 0
79 3 0
3 88 1
88 3 1
3 96 2
96 3 2
13 69 0
69 13 0
13 88 11
88 13 11
13 96 12
96 13 12
22 69 1
69 22 1
22 79 11
79 22 11
22 96 21
96 22 21
30 69 2
69 30 2
30 79 12
79 30 12
30 88 21
88 30 21
4 80 0
80 4 0
4 89 1
89 4 1
4 97 2
97 4 2
4 104 3
104 4 3
14 70 0
70 14 0
14 89 11
89 14 11
14 97 12
97 14 12
14 104 13
104 14 13
23 70 1
70 23 1
23 80 11
80 23 11
23 97 21
97 23 21
23 104 22
104 23 22
31 70 2
70 31 2
31 80 12
80 31 12
31 89 21
89 31 21
31 104 30
104 31 30
38 70 3
70 38 3
38 80 13
80 38 13
38 89 22
89 38 22
38 97 30
97 38 30
5 81 0
81 5 0
5 90 1
90 5 1
5 98 2
98 5 2
5 105 3
105 5 3
5 111 4
111 5 4
15 71 0
71 15 0
15 90 11
90 15 11
15 98 12
98 15 12
15 105 13
105 15 13
15 111 14
111 15 14
24 71 1
71 24 1
24 81 11
81 24 11
24 98 21
98 24 21
24 105 22
105 24 22
24 111 23
111 24 23
32 71 2
71 32 2
32 81 12
81 32 12
32 90 21
90 32 21
32 105 30
105 32 30
32 111 31
111 32 31
39 71 3
71 39 3
39 81 13
81 39 13
39 90 22
90 39 22
39 98 30
98 39 30
39 111 38
111 39 38
45 71 4
71 45 4
45 81 14
81 45 14
45 90 23
90 45 23
45 98 31
98 45 31
45 105 38
105 45 38
6 82 0
82 6 0
6 91 1
91 6 1
6 99 2
99 6 2
6 106 3
106 6 3
6 112 4
112 6 4
6 117 5
117 6 5
16 72 0
72 16 0
16 91 11
91 16 11
16 99 12
99 16 12
16 106 13
106 16 13
16 112 14
112 16 14
16 117 15
117 16 15
25 72 1
72 25 1
25 82 11
82 25 11
25 99 21
99 25 21
25 106 22
106 25 22
25 112 23
112 25 23
25 117 24
117 25 24
33 72 2
72 33 2
33 82 12
82 33 12
33 91 21
91 33 21
33 106 30
106 33 30
33 112 31
112 33 31
33 117 32
117 33 32
40 72 3
72 40 3
40 82 13
82 40 13
40 91 22
91 40 22
40 99 30
99 40 30
40 112 38
112 40 38
40 117 39
117 40 39
46 72 4
72 46 4
46 82 14
82 46 14
46 91 23
91 46 23
46 99 31
99 46 31
46 106 38
106 46 38
46 117 45
117 46 45
51 72 5
72 51 5
51 82 15
82 51 15
51 91 24
91 51 24
51 99 32
99 51 32
51 106 39
106 51 39
51 112 45
112 51 45
7 83 0
83 7 0
7 92 1
92 7 1
7 100 2
100 7 2
7 107 3
107 7 3
7 113 4
113 7 4
7 118 5
118 7 5
7 122 6
122 7 6
17 73 0
73 17 0
17 92 11
92 17 11
17 100 12
100 17 12
17 107 13
107 17 13
17 113 14
113 17 14
17 118 15
118 17 15
17 122 16
122 17 16
26 73 1
73 26 1
26 83 11
83 26 11
26 100 21
100 26 21
26 107 22
107 26 22
26 113 23
113 26 23
26 118 24
118 26 24
26 122 25
122 26 25
34 73 2
73 34 2
34 83 12
83 34 12
34 92 21
92 34 21
34 107 30
107 34 30
34 113 31
113 34 31
34 118 32
118 34 32
34 122 33
122 34 33
41 73 3
73 41 3
41 83 13
83 41 13
41 92 22
92 41 22
41 100 30
100 41 30
41 113 38
113 41 38
41 118 39
118 41 39
41 122 40
122 41 40
47 73 4
73 47 4
47 83 14
83 47 14
47 92 23
92 47 23
47 100 31
100 47 31
47 107 38
107 47 38
47 118 45
118 47 45
47 122 46
122 47 46
52 73 5
73 52 5
52 83 15
83 52 15
52 92 24
92 52 24
52 100 32
100 52 32
52 107 39
107 52 39
52 113 45
113 52 45
52 122 51
122 52 51
56 73 6
73 56 6
56 83 16
83 56 16
56 92 25
92 56 25
56 100 33
100 56 33
56 107 40
107 56 40
56 113 46
113 56 46
56 118 51
118 56 51
8 84 0
84 8 0
8 93 1
93 8 1
8 101 2
101 8 2
8 108 3
108 8 3
8 114 4
114 8 4
8 119 5
119 8 5
8 123 6
123 8 6
8 126 7
126 8 7
18 74 0
74 18 0
18 93 11
93 18 11
18 101 12
101 18 12
18 108 13
108 18 13
18 114 14
114 18 14
18 119 15
119 18 15
18 123 16
123 18 16
18 126 17
126 18 17
27 74 1
74 27 1
27 84 11
84 27 11
27 101 21
101 27 21
27 108 22
108 27 22
27 114 23
114 27 23
27 119 24
119 27 24
27 123 25
123 27 25
27 126 26
126 27 26
35 74 2
74 35 2
35 84 12
84 35 12
35 93 21
93 35 21
35 108 30
108 35 30
35 114 31
114 35 31
35 119 32
119 35 32
35 123 33
123 35 33
35 126 34
126 35 34
42 74 3
74 42 3
42 84 13
84 42 13
42 93 22
93 42 22
42 101 30
101 42 30
42 114 38
114 42 38
42 119 39
119 42 39
42 123 40
123 42 40
42 126 41
126 42 41
48 74 4
74 48 4
48 84 14
84 48 14
48 93 23
93 48 23
48 101 31
101 48 31
48 108 38
108 48 38
48 119 45
119 48 45
48 123 46
123 48 46
48 126 47
126 48 47
53 74 5
74 53 5
53 84 15
84 53 15
53 93 24
93 53 24
53 101 32
101 53 32
53 108 39
108 53 39
53 114 45
114 53 45
53 123 51
123 53 51
53 126 52
126 53 52
57 74 6
74 57 6
57 84 16
84 57 16
57 93 25
93 57 25
57 101 33
101 57 33
57 108 40
108 57 40
57 114 46
114 57 46
57 119 51
119 57 51
57 126 56
126 57 56
60 74 7
74 60 7
60 84 17
84 60 17
60 93 26
93 60 26
60 101 34
101 60 34
60 108 41
108 60 41
60 114 47
114 60 47
60 119 52
119 60 52
60 123 56
123 60 56
9 85 0
85 9 0
9 94 1
94 9 1
9 102 2
102 9 2
9 109 3
109 9 3
9 115 4
115 9 4
9 120 5
120 9 5
9 124 6
124 9 6
9 127 7
127 9 7
9 129 8
129 9 8
19 75 0
75 19 0
19 94 11
94 19 11
19 102 12
102 19 12
19 109 13
109 19 13
19 115 14
115 19 14
19 120 15
120 19 15
19 124 16
124 19 16
19 127 17
127 19 17
19 129 18
129 19 18
28 75 1
75 28 1
28 85 11
85 28 11
28 102 21
102 28 21
28 109 22
109 28 22
28 115 23
115 28 23
28 120 24
120 28 24
28 124 25
124 28 25
28 127 26
127 28 26
28 129 27
129 28 27
36 75 2
75 36 2
36 85 12
85 36 12
36 94 21
94 36 21
36 109 30
109 36 30
36 115 31
115 36 31
36 120 32
120 36 32
36 124 33
124 36 33
36 127 34
127 36 34
36 129 35
129 36 35
43 75 3
75 43 3
43 85 13
85 43 13
43 94 22
94 43 22
43 102 30
102 43 30
43 115 38
115 43 38
43 120 39
120 43 39
43 124 40
124 43 40
43 127 41
127 43 41
43 129 42
129 43 42
49 75 4
75 49 4
49 85 14
85 49 14
49 94 23
94 49 23
49 102 31
102 49 31
49 109 38
109 49 38
49 120 45
120 49 45
49 124 46
124 49 46
49 127 47
127 49 47
49 129 48
129 49 48
54 75 5
75 54 5
54 85 15
85 54 15
54 94 24
94 54 24
54 102 32
102 54 32
54 109 39
109 54 39
54 115 45
115 54 45
54 124 51
124 54 51
54 127 52
127 54 52
54 129 53
129 54 53
58 75 6
75 58 6
58 85 16
85 58 16
58 94 25
94 58 25
58 102 33
102 58 33
58 109 40
109 58 40
58 115 46
115 58 46
58 120 51
120 58 51
58 127 56
127 58 56
58 129 57
129 58 57
61 75 7
75 61 7
61 85 17
85 61 17
61 94 26
94 61 26
61 102 34
102 61 34
61 109 41
109 61 41
61 115 47
115 61 47
61 120 52
120 61 52
61 124 56
124 61 56
61 129 60
129 61 60
63 75 8
75 63 8
63 85 18
85 63 18
63 94 27
94 63 27
63 102 35
102 63 35
63 109 42
109 63 42
63 115 48
115 63 48
63 120 53
120 63 53
63 124 57
124 63 57
63 127 60
127 63 60
10 86 0
86 10 0
10 95 1
95 10 1
10 103 2
103 10 2
10 110 3
110 10 3
10 116 4
116 10 4
10 121 5
121 10 5
10 125 6
125 10 6
10 128 7
128 10 7
10 130 8
130 10 8
10 131 9
131 10 9
20 76 0
76 20 0
20 95 11
95 20 11
20 103 12
103 20 12
20 110 13
110 20 13
20 116 14
116 20 14
20 121 15
121 20 15
20 125 16
125 20 16
20 128 17
128 20 17
20 130 18
130 20 18
20 131 19
131 20 19
29 76 1
76 29 1
29 86 11
86 29 11
29 103 21
103 29 21
29 110 22
110 29 22
29 116 23
116 29 23
29 121 24
121 29 24
29 125 25
125 29 25
29 128 26
128 29 26
29 130 27
130 29 27
29 131 28
131 29 28
37 76 2
76 37 2
37 86 12
86 37 12
37 95 21
95 37 21
37 110 30
110 37 30
37 116 31
116 37 31
37 121 32
121 37 32
37 125 33
125 37 33
37 128 34
128 37 34
37 130 35
130 37 35
37 131 36
131 37 36
44 76 3
76 44 3
44 86 13
86 44 13
44 95 22
95 44 22
44 103 30
103 44 30
44 116 38
116 44 38
44 121 39
121 44 39
44 125 40
125 44 40
44 128 41
128 44 41
44 130 42
130 44 42
44 131 43
131 44 43
50 76 4
76 50 4
50 86 14
86 50 14
50 95 23
95 50 23
50 103 31
103 50 31
50 110 38
110 50 38
50 121 45
121 50 45
50 125 46
125 50 46
50 128 47
128 50 47
50 130 48
130 50 48
50 131 49
131 50 49
55 76 5
76 55 5
55 86 15
86 55 15
55 95 24
95 55 24
55 103 32
103 55 32
55 110 39
110 55 39
55 116 45
116 55 45
55 125 51
125 55 51
55 128 52
128 55 52
55 130 53
130 55 53
55 131 54
131 55 54
59 76 6
76 59 6
59 86 16
86 59 16
59 95 25
95 59 25
59 103 33
103 59 33
59 110 40
110 59 40
59 116 46
116 59 46
59 121 51
121 59 51
59 128 56
128 59 56
59 130 57
130 59 57
59 131 58
131 59 58
62 76 7
76 62 7
62 86 17
86 62 17
62 95 26
95 62 26
62 103 34
103 62 34
62 110 41
110 62 41
62 116 47
116 62 47
62 121 52
121 62 52
62 125 56
125 62 56
62 130 60
130 62 60
62 131 61
131 62 61
64 76 8
76 64 8
64 86 18
86 64 18
64 95 27
95 64 27
64 103 35
103 64 35
64 110 42
110 64 42
64 116 48
116 64 48
64 121 53
121 64 53
64 125 57
125 64 57
64 128 60
128 64 60
64 131 63
131 64 63
65 76 9
76 65 9
65 86 19
86 65 19
65 95 28
95 65 28
65 103 36
103 65 36
65 110 43
110 65 43
65 116 49
116 65 49
65 121 54
121 65 54
65 125 58
125 65 58
65 128 61
128 65 61
65 130 63
130 65 63
0 66 132
66 0 132
1 67 132
1 67 133
67 1 132
67 1 133
2 68 132
2 68 133
2 68 134
68 2 132
68 2 133
68 2 134
3 69 132
3 69 133
3 69 134
3 69 135
69 3 132
69 3 133
69 3 134
69 3 135
4 70 132
4 70 133
4 70 134
4 70 135
4 70 136
70 4 132
70 4 133
70 4 134
70 4 135
70 4 136
5 71 132
5 71 133
5 71 134
5 71 135
5 71 136
5 71 137
71 5 132
71 5 133
71 5 134
71 5 135
71 5 136
71 5 137
6 72 132
6 72 133
6 72 134
6 72 135
6 72 136
6 72 137
6 72 138
72 6 132
72 6 133
72 6 134
72 6 135
72 6 136
72 6 137
72 6 138
7 73 132
7 73 133
7 73 134
7 73 135
7 73 136
7 73 137
7 73 138
7 73 139
73 7 132
73 7 133
73 7 134
73 7 135
73 7 136
73 7 137
73 7 138
73 7 139
8 74 132
8 74 133
8 74 134
8 74 135
8 74 136
8 74 137
8 74 138
8 74 139
8 74 140
74 8 132
74 8 133
74 8 134
74 8 135
74 8 136
74 8 137
74 8 138
74 8 139
74 8 140
9 75 132
9 75 133
9 75 134
9 75 135
9 75 136
9 75 137
9 75 138
9 75 139
9 75 140
9 75 141
75 9 132
75 9 133
75 9 134
75 9 135
75 9 136
75 9 137
75 9 138
75 9 139
75 9 140
75 9 141
10 76 132
10 76 133
10 76 134
10 76 135
10 76 136
10 76 137
10 76 138
10 76 139
10 76 140
10 76 141
10 76 142
76 10 132
76 10 133
76 10 134
76 10 135
76 10 136
76 10 137
76 10 138
76 10 139
76 10 140
76 10 141
76 10 142
11 77 132
11 77 133
77 11 132
77 11 133
12 78 132
12 78 133
12 78 134
78 12 132
78 12 133
78 12 134
13 79 132
13 79 133
13 79 134
13 79 135
79 13 132
79 13 133
79 13 134
79 13 135
14 80 132
14 80 133
14 80 134
14 80 135
14 80 136
80 14 132
80 14 133
80 14 134
80 14 135
80 14 136
15 81 132
15 81 133
15 81 134
15 81 135
15 81 136
15 81 137
81 15 132
81 15 133
81 15 134
81 15 135
81 15 136
81 15 137
16 82 132
16 82 133
16 82 134
16 82 135
16 82 136
16 82 137
16 82 138
82 16 132
82 16 133
82 16 134
82 16 135
82 16 136
82 16 137
82 16 138
17 83 132
17 83 133
17 83 134
17 83 135
17 83 136
17 83 137
17 83 138
17 83 139
83 17 132
83 17 133
83 17 134
83 17 135
83 17 136
83 17 137
83 17 138
83 17 139
18 84 132
18 84 133
18 84 134
18 84 135
18 84 136
18 84 137
18 84 138
18 84 139
18 84 140
84 18 132
84 18 133
84 18 134
84 18 135
84 18 136
84 18 137
84 18 138
84 18 139
84 18 140
19 85 132
19 85 133
19 85 134
19 85 135
19 85 136
19 85 137
19 85 138
19 85 139
19 85 140
19 85 141
85 19 132
85 19 133
85 19 134
85 19 135
85 19 136
85 19 137
85 19 138
85 19 139
85 19 140
85 19 141
20 86 132
20 86 133
20 86 134
20 86 135
20 86 136
20 86 137
20 86 138
20 86 139
20 86 140
20 86 141
20 86 142
86 20 132
86 20 133
86 20 134
86 20 135
86 20 136
86 20 137
86 20 138
86 20 139
86 20 140
86 20 141
86 20 142
21 87 133
21 87 134
87 21 133
87 21 134
22 88 133
22 88 134
22 88 135
88 22 133
88 22 134
88 22 135
23 89 133
23 89 134
23 89 135
23 89 136
89 23 133
89 23 134
89 23 135
89 23 136
24 90 133
24 90 134
24 90 135
24 90 136
24 90 137
90 24 133
90 24 134
90 24 135
90 24 136
90 24 137
25 91 133
25 91 134
25 91 135
25 91 136
25 91 137
25 91 138
91 25 133
91 25 134
91 25 135
91 25 136
91 25 137
91 25 138
26 92 133
26 92 134
26 92 135
26 92 136
26 92 137
26 92 138
26 92 139
92 26 133
92 26 134
92 26 135
92 26 136
92 26 137
92 26 138
92 26 139
27 93 133
27 93 134
27 93 135
27 93 136
27 93 137
27 93 138
27 93 139
27 93 140
93 27 133
93 27 134
93 27 135
93 27 136
93 27 137
93 27 138
93 27 139
93 27 140
28 94 133
28 94 134
28 94 135
28 94 136
28 94 137
28 94 138
28 94 139
28 94 140
28 94 141
94 28 133
94 28 134
94 28 135
94 28 136
94 28 137
94 28 138
94 28 139
94 28 140
94 28 141
29 95 133
29 95 134
29 95 135
29 95 136
29 95 137
29 95 138
29 95 139
29 95 140
29 95 141
29 95 142
95 29 133
95 29 134
95 29 135
95 29 136
95 29 137
95 29 138
95 29 139
95 29 140
95 29 141
95 29 142
30 96 134
30 96 135
96 30 134
96 30 135
31 97 134
31 97 135
31 97 136
97 31 134
97 31 135
97 31 136
32 98 134
32 98 135
32 98 136
32 98 137
98 32 134
98 32 135
98 32 136
98 32 137
33 99 134
33 99 135
33 99 136
33 99 137
33 99 138
99 33 134
99 33 135
99 33 136
99 33 137
99 33 138
34 100 134
34 100 135
34 100 136
34 100 137
34 100 138
34 100 139
100 34 134
100 34 135
100 34 136
100 34 137
100 34 138
100 34 139
35 101 134
35 101 135
35 101 136
35 101 137
35 101 138
35 101 139
35 101 140
101 35 134
101 35 135
101 35 136
101 35 137
101 35 138
101 35 139
101 35 140
36 102 134
36 102 135
36 102 136
36 102 137
36 102 138
36 102 139
36 102 140
36 102 141
102 36 134
102 36 135
102 36 136
102 36 137
102 36 138
102 36 139
102 36 140
102 36 141
37 103 134
37 103 135
37 103 136
37 103 137
37 103 138
37 103 139
37 103 140
37 103 141
37 103 142
103 37 134
103 37 135
103 37 136
103 37 137
103 37 138
103 37 139
103 37 140
103 37 141
103 37 142
38 104 135
38 104 136
104 38 135
104 38 136
39 105 135
39 105 136
39 105 137
105 39 135
105 39 136
105 39 137
40 106 135
40 106 136
40 106 137
40 106 138
106 40 135
106 40 136
106 40 137
106 40 138
41 107 135
41 107 136
41 107 137
41 107 138
41 107 139
107 41 135
107 41 136
107 41 137
107 41 138
107 41 139
42 108 135
42 108 136
42 108 137
42 108 138
42 108 139
42 108 140
108 42 135
108 42 136
108 42 137
108 42 138
108 42 139
108 42 140
43 109 135
43 109 136
43 109 137
43 109 138
43 109 139
43 109 140
43 109 141
109 43 135
109 43 136
109 43 137
109 43 138
109 43 139
109 43 140
109 43 141
44 110 135
44 110 136
44 110 137
44 110 138
44 110 139
44 110 140
44 110 141
44 110 142
110 44 135
110 44 136
110 44 137
110 44 138
110 44 139
110 44 140
110 44 141
110 44 142
45 111 136
45 111 137
111 45 136
111 45 137
46 112 136
46 112 137
46 112 138
112 46 136
112 46 137
112 46 138
47 113 136
47 113 137
47 113 138
47 113 139
113 47 136
113 47 137
113 47 138
113 47 139
48 114 136
48 114 137
48 114 138
48 114 139
48 114 140
114 48 136
114 48 137
114 48 138
114 48 139
114 48 140
49 115 136
49 115 137
49 115 138
49 115 139
49 115 140
49 115 141
115 49 136
115 49 137
115 49 138
115 49 139
115 49 140
115 49 141
50 116 136
50 116 137
50 116 138
50 116 139
50 116 140
50 116 141
50 116 142
116 50 136
116 50 137
116 50 138
116 50 139
116 50 140
116 50 141
116 50 142
51 117 137
51 117 138
117 51 137
117 51 138
52 118 137
52 118 138
52 118 139
118 52 137
118 52 138
118 52 139
53 119 137
53 119 138
53 119 139
53 119 140
119 53 137
119 53 138
119 53 139
119 53 140
54 120 137
54 120 138
54 120 139
54 120 140
54 120 141
120 54 137
120 54 138
120 54 139
120 54 140
120 54 141
55 121 137
55 121 138
55 121 139
55 121 140
55 121 141
55 121 142
121 55 137
121 55 138
121 55 139
121 55 140
121 55 141
121 55 142
56 122 138
56 122 139
122 56 138
122 56 139
57 123 138
57 123 139
57 123 140
123 57 138
123 57 139
123 57 140
58 124 138
58 124 139
58 124 140
58 124 141
124 58 138
124 58 139
124 58 140
124 58 141
59 125 138
59 125 139
59 125 140
59 125 141
59 125 142
125 59 138
125 59 139
125 59 140
125 59 141
125 59 142
60 126 139
60 126 140
126 60 139
126 60 140
61 127 139
61 127 140
61 127 141
127 61 139
127 61 140
127 61 141
62 128 139
62 128 140
62 128 141
62 128 142
128 62 139
128 62 140
128 62 141
128 62 142
63 129 140
63 129 141
129 63 140
129 63 141
64 130 140
64 130 141
64 130 142
130 64 140
130 64 141
130 64 142
65 131 141
65 131 142
131 65 141
131 65 142
0 132 66
132 0 66
1 132 67
132 1 67
2 132 68
132 2 68
3 132 69
132 3 69
4 132 70
132 4 70
5 132 71
132 5 71
6 132 72
132 6 72
7 132 73
132 7 73
8 132 74
132 8 74
9 132 75
132 9 75
10 132 76
132 10 76
11 132 77
132 11 77
12 132 78
132 12 78
13 132 79
132 13 79
14 132 80
132 14 80
15 132 81
132 15 81
16 132 82
132 16 82
17 132 83
132 17 83
18 132 84
132 18 84
19 132 85
132 19 85
20 132 86
132 20 86
1 133 67
133 1 67
11 133 77
133 11 77
2 133 68
133 2 68
3 133 69
133 3 69
4 133 70
133 4 70
5 133 71
133 5 71
6 133 72
133 6 72
7 133 73
133 7 73
8 133 74
133 8 74
9 133 75
133 9 75
10 133 76
133 10 76
12 133 78
133 12 78
13 133 79
133 13 79
14 133 80
133 14 80
15 133 81
133 15 81
16 133 82
133 16 82
17 133 83
133 17 83
18 133 84
133 18 84
19 133 85
133 19 85
20 133 86
133 20 86
21 133 87
133 21 87
22 133 88
133 22 88
23 133 89
133 23 89
24 133 90
133 24 90
25 133 91
133 25 91
26 133 92
133 26 92
27 133 93
133 27 93
28 133 94
133 28 94
29 133 95
133 29 95
2 134 68
134 2 68
12 134 78
134 12 78
21 134 87
134 21 87
3 134 69
134 3 69
4 134 70
134 4 70
5 134 71
134 5 71
6 134 72
134 6 72
7 134 73
134 7 73
8 134 74
134 8 74
9 134 75
134 9 75
10 134 76
134 10 76
13 134 79
134 13 79
14 134 80
134 14 80
15 134 81
134 15 81
16 134 82
134 16 82
17 134 83
134 17 83
18 134 84
134 18 84
19 134 85
134 19 85
20 134 86
134 20 86
22 134 88
134 22 88
23 134 89
134 23 89
24 134 90
134 24 90
25 134 91
134 25 91
26 134 92
134 26 92
27 134 93
134 27 93
28 134 94
134 28 94
29 134 95
134 29 95
30 134 96
134 30 96
31 134 97
134 31 97
32 134 98
134 32 98
33 134 99
134 33 99
34 134 100
134 34 100
35 134 101
134 35 101
36 134 102
134 36 102
37 134 103
134 37 103
3 135 69
135 3 69
13 135 79
135 13 79
22 135 88
135 22 88
30 135 96
135 30 96
4 135 70
135 4 70
5 135 71
135 5 71
6 135 72
135 6 72
7 135 73
135 7 73
8 135 74
135 8 74
9 135 75
135 9 75
10 135 76
135 10 76
14 135 80
135 14 80
15 135 81
135 15 81
16 135 82
135 16 82
17 135 83
135 17 83
18 135 84
135 18 84
19 135 85
135 19 85
20 135 86
135 20 86
23 135 89
135 23 89
24 135 90
135 24 90
25 135 91
135 25 91
26 135 92
135 26 92
27 135 93
135 27 93
28 135 94
135 28 94
29 135 95
135 29 95
31 135 97
135 31 97
32 135 98
135 32 98
33 135 99
135 33 99
34 135 100
135 34 100
35 135 101
135 35 101
36 135 102
135 36 102
37 135 103
135 37 103
38 135 104
135 38 104
39 135 105
135 39 105
40 135 106
135 40 106
41 135 107
135 41 107
42 135 108
135 42 108
43 135 109
135 43 109
44 135 110
135 44 110
4 136 70
136 4 70
14 136 80
136 14 80
23 136 89
136 23 89
31 136 97
136 31 97
38 136 104
136 38 104
5 136 71
136 5 71
6 136 72
136 6 72
7 136 73
136 7 73
8 136 74
136 8 74
9 136 75
136 9 75
10 136 76
136 10 76
15 136 81
136 15 81
16 136 82
136 16 82
17 136 83
136 17 83
18 136 84
136 18 84
19 136 85
136 19 85
20 136 86
136 20 86
24 136 90
136 24 90
25 136 91
136 25 91
26 136 92
136 26 92
27 136 93
136 27 93
28 136 94
136 28 94
29 136 95
136 29 95
32 136 98
136 32 98
33 136 99
136 33 99
34 136 100
136 34 100
35 136 101
136 35 101
36 136 102
136 36 102
37 136 103
136 37 103
39 136 105
136 39 105
40 136 106
136 40 106
41 136 107
136 41 107
42 136 108
136 42 108
43 136 109
136 43 109
44 136 110
136 44 110
45 136 111
136 45 111
46 136 112
136 46 112
47 136 113
136 47 113
48 136 114
136 48 114
49 136 115
136 49 115
50 136 116
136 50 116
5 137 71
137 5 71
15 137 81
137 15 81
24 137 90
137 24 90
32 137 98
137 32 98
39 137 105
137 39 105
45 137 111
137 45 111
6 137 72
137 6 72
7 137 73
137 7 73
8 137 74
137 8 74
9 137 75
137 9 75
10 137 76
137 10 76
16 137 82
137 16 82
17 137 83
137 17 83
18 137 84
137 18 84
19 137 85
137 19 85
20 137 86
137 20 86
25 137 91
137 25 91
26 137 92
137 26 92
27 137 93
137 27 93
28 137 94
137 28 94
29 137 95
137 29 95
33 137 99
137 33 99
34 137 100
137 34 100
35 137 101
137 35 101
36 137 102
137 36 102
37 137 103
137 37 103
40 137 106
137 40 106
41 137 107
137 41 107
42 137 108
137 42 108
43 137 109
137 43 109
44 137 110
137 44 110
46 137 112
137 46 112
47 137 113
137 47 113
48 137 114
137 48 114
49 137 115
137 49 115
50 137 116
137 50 116
51 137 117
137 51 117
52 137 118
137 52 118
53 137 119
137 53 119
54 137 120
137 54 120
55 137 121
137 55 121
6 138 72
138 6 72
16 138 82
138 16 82
25 138 91
138 25 91
33 138 99
138 33 99
40 138 106
138 40 106
46 138 112
138 46 112
51 138 117
138 51 117
7 138 73
138 7 73
8 138 74
138 8 74
9 138 75
138 9 75
10 138 76
138 10 76
17 138 83
138 17 83
18 138 84
138 18 84
19 138 85
138 19 85
20 138 86
138 20 86
26 138 92
138 26 92
27 138 93
138 27 93
28 138 94
138 28 94
29 138 95
138 29 95
34 138 100
138 34 100
35 138 101
138 35 101
36 138 102
138 36 102
37 138 103
138 37 103
41 138 107
138 41 107
42 138 108
138 42 108
43 138 109
138 43 109
44 138 110
138 44 110
47 138 113
138 47 113
48 138 114
138 48 114
49 138 115
138 49 115
50 138 116
138 50 116
52 138 118
138 52 118
53 138 119
138 53 119
54 138 120
138 54 120
55 138 121
138 55 121
56 138 122
138 56 122
57 138 123
138 57 123
58 138 124
138 58 124
59 138 125
138 59 125
7 139 73
139 7 73
17 139 83
139 17 83
26 139 92
139 26 92
34 139 100
139 34 100
41 139 107
139 41 107
47 139 113
139 47 113
52 139 118
139 52 118
56 139 122
139 56 122
8 139 74
139 8 74
9 139 75
139 9 75
10 139 76
139 10 76
18 139 84
139 18 84
19 139 85
139 19 85
20 139 86
139 20 86
27 139 93
139 27 93
28 139 94
139 28 94
29 139 95
139 29 95
35 139 101
139 35 101
36 139 102
139 36 102
37 139 103
139 37 103
42 139 108
139 42 108
43 139 109
139 43 109
44 139 110
139 44 110
48 139 114
139 48 114
49 139 115
139 49 115
50 139 116
139 50 116
53 139 119
139 53 119
54 139 120
139 54 120
55 139 121
139 55 121
57 139 123
139 57 123
58 139 124
139 58 124
59 139 125
139 59 125
60 139 126
139 60 126
61 139 127
139 61 127
62 139 128
139 62 128
8 140 74
140 8 74
18 140 84
140 18 84
27 140 93
140 27 93
35 140 101
140 35 101
42 140 108
140 42 108
48 140 114
140 48 114
53 140 119
140 53 119
57 140 123
140 57 123
60 140 126
140 60 126
9 140 75
140 9 75
10 140 76
140 10 76
19 140 85
140 19 85
20 140 86
140 20 86
28 140 94
140 28 94
29 140 95
140 29 95
36 140 102
140 36 102
37 140 103
140 37 103
43 140 109
140 43 109
44 140 110
140 44 110
49 140 115
140 49 115
50 140 116
140 50 116
54 140 120
140 54 120
55 140 121
140 55 121
58 140 124
140 58 124
59 140 125
140 59 125
61 140 127
140 61 127
62 140 128
140 62 128
63 140 129
140 63 129
64 140 130
140 64 130
9 141 75
141 9 75
19 141 85
141 19 85
28 141 94
141 28 94
36 141 102
141 36 102
43 141 109
141 43 109
49 141 115
141 49 115
54 141 120
141 54 120
58 141 124
141 58 124
61 141 127
141 61 127
63 141 129
141 63 129
10 141 76
141 10 76
20 141 86
141 20 86
29 141 95
141 29 95
37 141 103
141 37 103
44 141 110
141 44 110
50 141 116
141 50 116
55 141 121
141 55 121
59 141 125
141 59 125
62 141 128
141 62 128
64 141 130
141 64 130
65 141 131
141 65 131
10 142 76
142 10 76
20 142 86
142 20 86
29 142 95
142 29 95
37 142 103
142 37 103
44 142 110
142 44 110
50 142 116
142 50 116
55 142 121
142 55 121
59 142 125
142 59 125
62 142 128
142 62 128
64 142 130
142 64 130
65 142 131
142 65 131
66 77 67
66 78 68
66 79 69
66 80 70
66 81 71
66 82 72
66 83 73
66 84 74
66 85 75
66 86 76
67 87 68
67 88 69
67 89 70
67 90 71
67 91 72
67 92 73
67 93 74
67 94 75
67 95 76
77 87 78
77 88 79
77 89 80
77 90 81
77 91 82
77 92 83
77 93 84
77 94 85
77 95 86
68 96 69
68 97 70
68 98 71
68 99 72
68 100 73
68 101 74
68 102 75
68 103 76
78 96 79
78 97 80
78 98 81
78 99 82
78 100 83
78 101 84
78 102 85
78 103 86
87 96 88
87 97 89
87 98 90
87 99 91
87 100 92
87 101 93
87 102 94
87 103 95
69 104 70
69 105 71
69 106 72
69 107 73
69 108 74
69 109 75
69 110 76
79 104 80
79 105 81
79 106 82
79 107 83
79 108 84
79 109 85
79 110 86
88 104 89
88 105 90
88 106 91
88 107 92
88 108 93
88 109 94
88 110 95
96 104 97
96 105 98
96 106 99
96 107 100
96 108 101
96 109 102
96 110 103
70 111 71
70 112 72
70 113 73
70 114 74
70 115 75
70 116 76
80 111 81
80 112 82
80 113 83
80 114 84
80 115 85
80 116 86
89 111 90
89 112 91
89 113 92
89 114 93
89 115 94
89 116 95
97 111 98
97 112 99
97 113 100
97 114 101
97 115 102
97 116 103
104 111 105
104 112 106
104 113 107
104 114 108
104 115 109
104 116 110
71 117 72
71 118 73
71 119 74
71 120 75
71 121 76
81 117 82
81 118 83
81 119 84
81 120 85
81 121 86
90 117 91
90 118 92
90 119 93
90 120 94
90 121 95
98 117 99
98 118 100
98 119 101
98 120 102
98 121 103
105 117 106
105 118 107
105 119 108
105 120 109
105 121 110
111 117 112
111 118 113
111 119 114
111 120 115
111 121 116
72 122 73
72 123 74
72 124 75
72 125 76
82 122 83
82 123 84
82 124 85
82 125 86
91 122 92
91 123 93
91 124 94
91 125 95
99 122 100
99 123 101
99 124 102
99 125 103
106 122 107
106 123 108
106 124 109
106 125 110
112 122 113
112 123 114
112 124 115
112 125 116
117 122 118
117 123 119
117 124 120
117 125 121
73 126 74
73 127 75
73 128 76
83 126 84
83 127 85
83 128 86
92 126 93
92 127 94
92 128 95
100 126 101
100 127 102
100 128 103
107 126 108
107 127 109
107 128 110
113 126 114
113 127 115
113 128 116
118 126 119
118 127 120
118 128 121
122 126 123
122 127 124
122 128 125
74 129 75
74 130 76
84 129 85
84 130 86
93 129 94
93 130 95
101 129 102
101 130 103
108 129 109
108 130 110
114 129 115
114 130 116
119 129 120
119 130 121
123 129 124
123 130 125
126 129 127
126 130 128
75 131 76
85 131 86
94 131 95
102 131 103
109 131 110
115 131 116
120 131 121
124 131 125
127 131 128
129 131 130
77 66 67
78 66 68
79 66 69
80 66 70
81 66 71
82 66 72
83 66 73
84 66 74
85 66 75
86 66 76
87 67 68
87 77 78
88 67 69
88 77 79
89 67 70
89 77 80
90 67 71
90 77 81
91 67 72
91 77 82
92 67 73
92 77 83
93 67 74
93 77 84
94 67 75
94 77 85
95 67 76
95 77 86
96 68 69
96 78 79
96 87 88
97 68 70
97 78 80
97 87 89
98 68 71
98 78 81
98 87 90
99 68 72
99 78 82
99 87 91
100 68 73
100 78 83
100 87 92
101 68 74
101 78 84
101 87 93
102 68 75
102 78 85
102 87 94
103 68 76
103 78 86
103 87 95
104 69 70
104 79 80
104 88 89
104 96 97
105 69 71
105 79 81
105 88 90
105 96 98
106 69 72
106 79 82
106 88 91
106 96 99
107 69 73
107 79 83
107 88 92
107 96 100
108 69 74
108 79 84
108 88 93
108 96 101
109 69 75
109 79 85
109 88 94
109 96 102
110 69 76
110 79 86
110 88 95
110 96 103
111 70 71
111 80 81
111 89 90
111 97 98
111 104 105
112 70 72
112 80 82
112 89 91
112 97 99
112 104 106
113 70 73
113 80 83
113 89 92
113 97 100
113 104 107
114 70 74
114 80 84
114 89 93
114 97 101
114 104 108
115 70 75
115 80 85
115 89 94
115 97 102
115 104 109
116 70 76
116 80 86
116 89 95
116 97 103
116 104 110
117 71 72
117 81 82
117 90 91
117 98 99
117 105 106
117 111 112
118 71 73
118 81 83
118 90 92
118 98 100
118 105 107
118 111 113
119 71 74
119 81 84
119 90 93
119 98 101
119 105 108
119 111 114
120 71 75
120 81 85
120 90 94
120 98 102
120 105 109
120 111 115
121 71 76
121 81 86
121 90 95
121 98 103
121 105 110
121 111 116
122 72 73
122 82 83
122 91 92
122 99 100
122 106 107
122 112 113
122 117 118
123 72 74
123 82 84
123 91 93
123 99 101
123 106 108
123 112 114
123 117 119
124 72 75
124 82 85
124 91 94
124 99 102
124 106 109
124 112 115
124 117 120
125 72 76
125 82 86
125 91 95
125 99 103
125 106 110
125 112 116
125 117 121
126 73 74
126 83 84
126 92 93
126 100 101
126 107 108
126 113 114
126 118 119
126 122 123
127 73 75
127 83 85
127 92 94
127 100 102
127 107 109
127 113 115
127 118 120
127 122 124
128 73 76
128 83 86
128 92 95
128 100 103
128 107 110
128 113 116
128 118 121
128 122 125
129 74 75
129 84 85
129 93 94
129 101 102
129 108 109
129 114 115
129 119 120
129 123 124
129 126 127
130 74 76
130 84 86
130 93 95
130 101 103
130 108 110
130 114 116
130 119 121
130 123 125
130 126 128
131 75 76
131 85 86
131 94 95
131 102 103
131 109 110
131 115 116
131 120 121
131 124 125
131 127 128
131 129 130
66 67 77
66 68 78
66 69 79
66 70 80
66 71 81
66 72 82
66 73 83
66 74 84
66 75 85
66 76 86
67 66 77
67 68 87
67 69 88
67 70 89
67 71 90
67 72 91
67 73 92
67 74 93
67 75 94
67 76 95
68 66 78
68 67 87
68 69 96
68 70 97
68 71 98
68 72 99
68 73 100
68 74 101
68 75 102
68 76 103
69 66 79
69 67 88
69 68 96
69 70 104
69 71 105
69 72 106
69 73 107
69 74 108
69 75 109
69 76 110
70 66 80
70 67 89
70 68 97
70 69 104
70 71 111
70 72 112
70 73 113
70 74 114
70 75 115
70 76 116
71 66 81
71 67 90
71 68 98
71 69 105
71 70 111
71 72 117
71 73 118
71 74 119
71 75 120
71 76 121
72 66 82
72 67 91
72 68 99
72 69 106
72 70 112
72 71 117
72 73 122
72 74 123
72 75 124
72 76 125
73 66 83
73 67 92
73 68 100
73 69 107
73 70 113
73 71 118
73 72 122
73 74 126
73 75 127
73 76 128
74 66 84
74 67 93
74 68 101
74 69 108
74 70 114
74 71 119
74 72 123
74 73 126
74 75 129
74 76 130
75 66 85
75 67 94
75 68 102
75 69 109
75 70 115
75 71 120
75 72 124
75 73 127
75 74 129
75 76 131
76 66 86
76 67 95
76 68 103
76 69 110
76 70 116
76 71 121
76 72 125
76 73 128
76 74 130
76 75 131
77 78 87
77 79 88
77 80 89
77 81 90
77 82 91
77 83 92
77 84 93
77 85 94
77 86 95
78 77 87
78 79 96
78 80 97
78 81 98
78 82 99
78 83 100
78 84 101
78 85 102
78 86 103
79 77 88
79 78 96
79 80 104
79 81 105
79 82 106
79 83 107
79 84 108
79 85 109
79 86 110
80 77 89
80 78 97
80 79 104
80 81 111
80 82 112
80 83 113
80 84 114
80 85 115
80 86 116
81 77 90
81 78 98
81 79 105
81 80 111
81 82 117
81 83 118
81 84 119
81 85 120
81 86 121
82 77 91
82 78 99
82 79 106
82 80 112
82 81 117
82 83 122
82 84 123
82 85 124
82 86 125
83 77 92
83 78 100
83 79 107
83 80 113
83 81 118
83 82 122
83 84 126
83 85 127
83 86 128
84 77 93
84 78 101
84 79 108
84 80 114
84 81 119
84 82 123
84 83 126
84 85 129
84 86 130
85 77 94
85 78 102
85 79 109
85 80 115
85 81 120
85 82 124
85 83 127
85 84 129
85 86 131
86 77 95
86 78 103
86 79 110
86 80 116
86 81 121
86 82 125
86 83 128
86 84 130
86 85 131
87 88 96
87 89 97
87 90 98
87 91 99
87 92 100
87 93 101
87 94 102
87 95 103
88 87 96
88 89 104
88 90 105
88 91 106
88 92 107
88 93 108
88 94 109
88 95 110
89 87 97
89 88 104
89 90 111
89 91 112
89 92 113
89 93 114
89 94 115
89 95 116
90 87 98
90 88 105
90 89 111
90 91 117
90 92 118
90 93 119
90 94 120
90 95 121
91 87 99
91 88 106
91 89 112
91 90 117
91 92 122
91 93 123
91 94 124
91 95 125
92 87 100
92 88 107
92 89 113
92 90 118
92 91 122
92 93 126
92 94 127
92 95 128
93 87 101
93 88 108
93 89 114
93 90 119
93 91 123
93 92 126
93 94 129
93 95 130
94 87 102
94 88 109
94 89 115
94 90 120
94 91 124
94 92 127
94 93 129
94 95 131
95 87 103
95 88 110
95 89 116
95 90 121
95 91 125
95 92 128
95 93 130
95 94 131
96 97 104
96 98 105
96 99 106
96 100 107
96 101 108
96 102 109
96 103 110
97 96 104
97 98 111
97 99 112
97 100 113
97 101 114
97 102 115
97 103 116
98 96 105
98 97 111
98 99 117
98 100 118
98 101 119
98 102 120
98 103 121
99 96 106
99 97 112
99 98 117
99 100 122
99 101 123
99 102 124
99 103 125
100 96 107
100 97 113
100 98 118
100 99 122
100 101 126
100 102 127
100 103 128
101 96 108
101 97 114
101 98 119
101 99 123
101 100 126
101 102 129
101 103 130
102 96 109
102 97 115
102 98 120
102 99 124
102 100 127
102 101 129
102 103 131
103 96 110
103 97 116
103 98 121
103 99 125
103 100 128
103 101 130
103 102 131
104 105 111
104 106 112
104 107 113
104 108 114
104 109 115
104 110 116
105 104 111
105 106 117
105 107 118
105 108 119
105 109 120
105 110 121
106 104 112
106 105 117
106 107 122
106 108 123
106 109 124
106 110 125
107 104 113
107 105 118
107 106 122
107 108 126
107 109 127
107 110 128
108 104 114
108 105 119
108 106 123
108 107 126
108 109 129
108 110 130
109 104 115
109 105 120
109 106 124
109 107 127
109 108 129
109 110 131
110 104 116
110 105 121
110 106 125
110 107 128
110 108 130
110 109 131
111 112 117
111 113 118
111 114 119
111 115 120
111 116 121
112 111 117
112 113 122
112 114 123
112 115 124
112 116 125
113 111 118
113 112 122
113 114 126
113 115 127
113 116 128
114 111 119
114 112 123
114 113 126
114 115 129
114 116 130
115 111 120
115 112 124
115 113 127
115 114 129
115 116 131
116 111 121
116 112 125
116 113 128
116 114 130
116 115 131
117 118 122
117 119 123
117 120 124
117 121 125
118 117 122
118 119 126
118 120 127
118 121 128
119 117 123
119 118 126
119 120 129
119 121 130
120 117 124
120 118 127
120 119 129
120 121 131
121 117 125
121 118 128
121 119 130
121 120 131
122 123 126
122 124 127
122 125 128
123 122 126
123 124 129
123 125 130
124 122 127
124 123 129
124 125 131
125 122 128
125 123 130
125 124 131
126 127 129
126 128 130
127 126 129
127 128 131
128 126 130
128 127 131
129 130 131
130 129 131
67 77 66
77 67 66
68 78 66
68 87 67
78 68 66
78 87 77
87 68 67
87 78 77
69 79 66
69 88 67
69 96 68
79 69 66
79 88 77
79 96 78
88 69 67
88 79 77
88 96 87
96 69 68
96 79 78
96 88 87
70 80 66
70 89 67
70 97 68
70 104 69
80 70 66
80 89 77
80 97 78
80 104 79
89 70 67
89 80 77
89 97 87
89 104 88
97 70 68
97 80 78
97 89 87
97 104 96
104 70 69
104 80 79
104 89 88
104 97 96
71 81 66
71 90 67
71 98 68
71 105 69
71 111 70
81 71 66
81 90 77
81 98 78
81 105 79
81 111 80
90 71 67
90 81 77
90 98 87
90 105 88
90 111 89
98 71 68
98 81 78
98 90 87
98 105 96
98 111 97
105 71 69
105 81 79
105 90 88
105 98 96
105 111 104
111 71 70
111 81 80
111 90 89
111 98 97
111 105 104
72 82 66
72 91 67
72 99 68
72 106 69
72 112 70
72 117 71
82 72 66
82 91 77
82 99 78
82 106 79
82 112 80
82 117 81
91 72 67
91 82 77
91 99 87
91 106 88
91 112 89
91 117 90
99 72 68
99 82 78
99 91 87
99 106 96
99 112 97
99 117 98
106 72 69
106 82 79
106 91 88
106 99 96
106 112 104
106 117 105
112 72 70
112 82 80
112 91 89
112 99 97
112 106 104
112 117 111
117 72 71
117 82 81
117 91 90
117 99 98
117 106 105
117 112 111
73 83 66
73 92 67
73 100 68
73 107 69
73 113 70
73 118 71
73 122 72
83 73 66
83 92 77
83 100 78
83 107 79
83 113 80
83 118 81
83 122 82
92 73 67
92 83 77
92 100 87
92 107 88
92 113 89
92 118 90
92 122 91
100 73 68
100 83 78
100 92 87
100 107 96
100 113 97
100 118 98
100 122 99
107 73 69
107 83 79
107 92 88
107 100 96
107 113 104
107 118 105
107 122 106
113 73 70
113 83 80
113 92 89
113 100 97
113 107 104
113 118 111
113 122 112
118 73 71
118 83 81
118 92 90
118 100 98
118 107 105
118 113 111
118 122 117
122 73 72
122 83 82
122 92 91
122 100 99
122 107 106
122 113 112
122 118 117
74 84 66
74 93 67
74 101 68
74 108 69
74 114 70
74 119 71
74 123 72
74 126 73
84 74 66
84 93 77
84 101 78
84 108 79
84 114 80
84 119 81
84 123 82
84 126 83
93 74 67
93 84 77
93 101 87
93 108 88
93 114 89
93 119 90
93 123 91
93 126 92
101 74 68
101 84 78
101 93 87
101 108 96
101 114 97
101 119 98
101 123 99
101 126 100
108 74 69
108 84 79
108 93 88
108 101 96
108 114 104
108 119 105
108 123 106
108 126 107
114 74 70
114 84 80
114 93 89
114 101 97
114 108 104
114 119 111
114 123 112
114 126 113
119 74 71
119 84 81
119 93 90
119 101 98
119 108 105
119 114 111
119 123 117
119 126 118
123 74 72
123 84 82
123 93 91
123 101 99
123 108 106
123 114 112
123 119 117
123 126 122
126 74 73
126 84 83
126 93 92
126 101 100
126 108 107
126 114 113
126 119 118
126 123 122
75 85 66
75 94 67
75 102 68
75 109 69
75 115 70
75 120 71
75 124 72
75 127 73
75 129 74
85 75 66
85 94 77
85 102 78
85 109 79
85 115 80
85 120 81
85 124 82
85 127 83
85 129 84
94 75 67
94 85 77
94 102 87
94 109 88
94 115 89
94 120 90
94 124 91
94 127 92
94 129 93
102 75 68
102 85 78
102 94 87
102 109 96
102 115 97
102 120 98
102 124 99
102 127 100
102 129 101
109 75 69
109 85 79
109 94 88
109 102 96
109 115 104
109 120 105
109 124 106
109 127 107
109 129 108
115 75 70
115 85 80
115 94 89
115 102 97
115 109 104
115 120 111
115 124 112
115 127 113
115 129 114
120 75 71
120 85 81
120 94 90
120 102 98
120 109 105
120 115 111
120 124 117
120 127 118
120 129 119
124 75 72
124 85 82
124 94 91
124 102 99
124 109 106
124 115 112
124 120 117
124 127 122
124 129 123
127 75 73
127 85 83
127 94 92
127 102 100
127 109 107
127 115 113
127 120 118
127 124 122
127 129 126
129 75 74
129 85 84
129 94 93
129 102 101
129 109 108
129 115 114
129 120 119
129 124 123
129 127 126
76 86 66
76 95 67
76 103 68
76 110 69
76 116 70
76 121 71
76 125 72
76 128 73
76 130 74
76 131 75
86 76 66
86 95 77
86 103 78
86 110 79
86 116 80
86 121 81
86 125 82
86 128 83
86 130 84
86 131 85
95 76 67
95 86 77
95 103 87
95 110 88
95 116 89
95 121 90
95 125 91
95 128 92
95 130 93
95 131 94
103 76 68
103 86 78
103 95 87
103 110 96
103 116 97
103 121 98
103 125 99
103 128 100
103 130 101
103 131 102
110 76 69
110 86 79
110 95 88
110 103 96
110 116 104
110 121 105
110 125 106
110 128 107
110 130 108
110 131 109
116 76 70
116 86 80
116 95 89
116 103 97
116 110 104
116 121 111
116 125 112
116 128 113
116 130 114
116 131 115
121 76 71
121 86 81
121 95 90
121 103 98
121 110 105
121 116 111
121 125 117
121 128 118
121 130 119
121 131 120
125 76 72
125 86 82
125 95 91
125 103 99
125 110 106
125 116 112
125 121 117
125 128 122
125 130 123
125 131 124
128 76 73
128 86 83
128 95 92
128 103 100
128 110 107
128 116 113
128 121 118
128 125 122
128 130 126
128 131 127
130 76 74
130 86 84
130 95 93
130 103 101
130 110 108
130 116 114
130 121 119
130 125 123
130 128 126
130 131 129
131 76 75
131 86 85
131 95 94
131 103 102
131 110 109
131 116 115
131 121 120
131 125 124
131 128 127
131 130 129
66 132 0
132 66 0
67 132 1
132 67 1
68 132 2
132 68 2
69 132 3
132 69 3
70 132 4
132 70 4
71 132 5
132 71 5
72 132 6
132 72 6
73 132 7
132 73 7
74 132 8
132 74 8
75 132 9
132 75 9
76 132 10
132 76 10
77 132 11
132 77 11
78 132 12
132 78 12
79 132 13
132 79 13
80 132 14
132 80 14
81 132 15
132 81 15
82 132 16
132 82 16
83 132 17
132 83 17
84 132 18
132 84 18
85 132 19
132 85 19
86 132 20
132 86 20
67 133 1
133 67 1
77 133 11
133 77 11
68 133 2
133 68 2
69 133 3
133 69 3
70 133 4
133 70 4
71 133 5
133 71 5
72 133 6
133 72 6
73 133 7
133 73 7
74 133 8
133 74 8
75 133 9
133 75 9
76 133 10
133 76 10
78 133 12
133 78 12
79 133 13
133 79 13
80 133 14
133 80 14
81 133 15
133 81 15
82 133 16
133 82 16
83 133 17
133 83 17
84 133 18
133 84 18
85 133 19
133 85 19
86 133 20
133 86 20
87 133 21
133 87 21
88 133 22
133 88 22
89 133 23
133 89 23
90 133 24
133 90 24
91 133 25
133 91 25
92 133 26
133 92 26
93 133 27
133 93 27
94 133 28
133 94 28
95 133 29
133 95 29
68 134 2
134 68 2
78 134 12
134 78 12
87 134 21
134 87 21
69 134 3
134 69 3
70 134 4
134 70 4
71 134 5
134 71 5
72 134 6
134 72 6
73 134 7
134 73 7
74 134 8
134 74 8
75 134 9
134 75 9
76 134 10
134 76 10
79 134 13
134 79 13
80 134 14
134 80 14
81 134 15
134 81 15
82 134 16
134 82 16
83 134 17
134 83 17
84 134 18
134 84 18
85 134 19
134 85 19
86 134 20
134 86 20
88 134 22
134 88 22
89 134 23
134 89 23
90 134 24
134 90 24
91 134 25
134 91 25
92 134 26
134 92 26
93 134 27
134 93 27
94 134 28
134 94 28
95 134 29
134 95 29
96 134 30
134 96 30
97 134 31
134 97 31
98 134 32
134 98 32
99 134 33
134 99 33
100 134 34
134 100 34
101 134 35
134 101 35
102 134 36
134 102 36
103 134 37
134 103 37
69 135 3
135 69 3
79 135 13
135 79 13
88 135 22
135 88 22
96 135 30
135 96 30
70 135 4
135 70 4
71 135 5
135 71 5
72 135 6
135 72 6
73 135 7
135 73 7
74 135 8
135 74 8
75 135 9
135 75 9
76 135 10
135 76 10
80 135 14
135 80 14
81 135 15
135 81 15
82 135 16
135 82 16
83 135 17
135 83 17
84 135 18
135 84 18
85 135 19
135 85 19
86 135 20
135 86 20
89 135 23
135 89 23
90 135 24
135 90 24
91 135 25
135 91 25
92 135 26
135 92 26
93 135 27
135 93 27
94 135 28
135 94 28
95 135 29
135 95 29
97 135 31
135 97 31
98 135 32
135 98 32
99 135 33
135 99 33
100 135 34
135 100 34
101 135 35
135 101 35
102 135 36
135 102 36
103 135 37
135 103 37
104 135 38
135 104 38
105 135 39
135 105 39
106 135 40
135 106 40
107 135 41
135 107 41
108 135 42
135 108 42
109 135 43
135 109 43
110 135 44
135 110 44
70 136 4
136 70 4
80 136 14
136 80 14
89 136 23
136 89 23
97 136 31
136 97 31
104 136 38
136 104 38
71 136 5
136 71 5
72 136 6
136 72 6
73 136 7
136 73 7
74 136 8
136 74 8
75 136 9
136 75 9
76 136 10
136 76 10
81 136 15
136 81 15
82 136 16
136 82 16
83 136 17
136 83 17
84 136 18
136 84 18
85 136 19
136 85 19
86 136 20
136 86 20
90 136 24
136 90 24
91 136 25
136 91 25
92 136 26
136 92 26
93 136 27
136 93 27
94 136 28
136 94 28
95 136 29
136 95 29
98 136 32
136 98 32
99 136 33
136 99 33
100 136 34
136 100 34
101 136 35
136 101 35
102 136 36
136 102 36
103 136 37
136 103 37
105 136 39
136 105 39
106 136 40
136 106 40
107 136 41
136 107 41
108 136 42
136 108 42
109 136 43
136 109 43
110 136 44
136 110 44
111 136 45
136 111 45
112 136 46
136 112 46
113 136 47
136 113 47
114 136 48
136 114 48
115 136 49
136 115 49
116 136 50
136 116 50
71 137 5
137 71 5
81 137 15
137 81 15
90 137 24
137 90 24
98 137 32
137 98 32
105 137 39
137 105 39
111 137 45
137 111 45
72 137 6
137 72 6
73 137 7
137 73 7
74 137 8
137 74 8
75 137 9
137 75 9
76 137 10
137 76 10
82 137 16
137 82 16
83 137 17
137 83 17
84 137 18
137 84 18
85 137 19
137 85 19
86 137 20
137 86 20
91 137 25
137 91 25
92 137 26
137 92 26
93 137 27
137 93 27
94 137 28
137 94 28
95 137 29
137 95 29
99 137 33
137 99 33
100 137 34
137 100 34
101 137 35
137 101 35
102 137 36
137 102 36
103 137 37
137 103 37
106 137 40
137 106 40
107 137 41
137 107 41
108 137 42
137 108 42
109 137 43
137 109 43
110 137 44
137 110 44
112 137 46
137 112 46
113 137 47
137 113 47
114 137 48
137 114 48
115 137 49
137 115 49
116 137 50
137 116 50
117 137 51
137 117 51
118 137 52
137 118 52
119 137 53
137 119 53
120 137 54
137 120 54
121 137 55
137 121 55
72 138 6
138 72 6
82 138 16
138 82 16
91 138 25
138 91 25
99 138 33
138 99 33
106 138 40
138 106 40
112 138 46
138 112 46
117 138 51
138 117 51
73 138 7
138 73 7
74 138 8
138 74 8
75 138 9
138 75 9
76 138 10
138 76 10
83 138 17
138 83 17
84 138 18
138 84 18
85 138 19
138 85 19
86 138 20
138 86 20
92 138 26
138 92 26
93 138 27
138 93 27
94 138 28
138 94 28
95 138 29
138 95 29
100 138 34
138 100 34
101 138 35
138 101 35
102 138 36
138 102 36
103 138 37
138 103 37
107 138 41
138 107 41
108 138 42
138 108 42
109 138 43
138 109 43
110 138 44
138 110 44
113 138 47
138 113 47
114 138 48
138 114 48
115 138 49
138 115 49
116 138 50
138 116 50
118 138 52
138 118 52
119 138 53
138 119 53
120 138 54
138 120 54
121 138 55
138 121 55
122 138 56
138 122 56
123 138 57
138 123 57
124 138 58
138 124 58
125 138 59
138 125 59
73 139 7
139 73 7
83 139 17
139 83 17
92 139 26
139 92 26
100 139 34
139 100 34
107 139 41
139 107 41
113 139 47
139 113 47
118 139 52
139 118 52
122 139 56
139 122 56
74 139 8
139 74 8
75 139 9
139 75 9
76 139 10
139 76 10
84 139 18
139 84 18
85 139 19
139 85 19
86 139 20
139 86 20
93 139 27
139 93 27
94 139 28
139 94 28
95 139 29
139 95 29
101 139 35
139 101 35
102 139 36
139 102 36
103 139 37
139 103 37
108 139 42
139 108 42
109 139 43
139 109 43
110 139 44
139 110 44
114 139 48
139 114 48
115 139 49
139 115 49
116 139 50
139 116 50
119 139 53
139 119 53
120 139 54
139 120 54
121 139 55
139 121 55
123 139 57
139 123 57
124 139 58
139 124 58
125 139 59
139 125 59
126 139 60
139 126 60
127 139 61
139 127 61
128 139 62
139 128 62
74 140 8
140 74 8
84 140 18
140 84 18
93 140 27
140 93 27
101 140 35
140 101 35
108 140 42
140 108 42
114 140 48
140 114 48
119 140 53
140 119 53
123 140 57
140 123 57
126 140 60
140 126 60
75 140 9
140 75 9
76 140 10
140 76 10
85 140 19
140 85 19
86 140 20
140 86 20
94 140 28
140 94 28
95 140 29
140 95 29
102 140 36
140 102 36
103 140 37
140 103 37
109 140 43
140 109 43
110 140 44
140 110 44
115 140 49
140 115 49
116 140 50
140 116 50
120 140 54
140 120 54
121 140 55
140 121 55
124 140 58
140 124 58
125 140 59
140 125 59
127 140 61
140 127 61
128 140 62
140 128 62
129 140 63
140 129 63
130 140 64
140 130 64
75 141 9
141 75 9
85 141 19
141 85 19
94 141 28
141 94 28
102 141 36
141 102 36
109 141 43
141 109 43
115 141 49
141 115 49
120 141 54
141 120 54
124 141 58
141 124 58
127 141 61
141 127 61
129 141 63
141 129 63
76 141 10
141 76 10
86 141 20
141 86 20
95 141 29
141 95 29
103 141 37
141 103 37
110 141 44
141 110 44
116 141 50
141 116 50
121 141 55
141 121 55
125 141 59
141 125 59
128 141 62
141 128 62
130 141 64
141 130 64
131 141 65
141 131 65
76 142 10
142 76 10
86 142 20
142 86 20
95 142 29
142 95 29
103 142 37
142 103 37
110 142 44
142 110 44
116 142 50
142 116 50
121 142 55
142 121 55
125 142 59
142 125 59
128 142 62
142 128 62
130 142 64
142 130 64
131 142 65
142 131 65
