0 8 1
0 9 2
0 10 3
0 11 4
0 12 5
0 13 6
0 14 7
1 15 2
1 16 3
1 17 4
1 18 5
1 19 6
1 20 7
8 15 9
8 16 10
8 17 11
8 18 12
8 19 13
8 20 14
2 21 3
2 22 4
2 23 5
2 24 6
2 25 7
9 21 10
9 22 11
9 23 12
9 24 13
9 25 14
15 21 16
15 22 17
15 23 18
15 24 19
15 25 20
3 26 4
3 27 5
3 28 6
3 29 7
10 26 11
10 27 12
10 28 13
10 29 14
16 26 17
16 27 18
16 28 19
16 29 20
21 26 22
21 27 23
21 28 24
21 29 25
4 30 5
4 31 6
4 32 7
11 30 12
11 31 13
11 32 14
17 30 18
17 31 19
17 32 20
22 30 23
22 31 24
22 32 25
26 30 27
26 31 28
26 32 29
5 33 6
5 34 7
12 33 13
12 34 14
18 33 19
18 34 20
23 33 24
23 34 25
27 33 28
27 34 29
30 33 31
30 34 32
6 35 7
13 35 14
19 35 20
24 35 25
28 35 29
31 35 32
33 35 34
8 0 1
9 0 2
10 0 3
11 0 4
12 0 5
13 0 6
14 0 7
15 1 2
15 8 9
16 1 3
16 8 10
17 1 4
17 8 11
18 1 5
18 8 12
19 1 6
19 8 13
20 1 7
20 8 14
21 2 3
21 9 10
21 15 16
22 2 4
22 9 11
22 15 17
23 2 5
23 9 12
23 15 18
24 2 6
24 9 13
24 15 19
25 2 7
25 9 14
25 15 20
26 3 4
26 10 11
26 16 17
26 21 22
27 3 5
27 10 12
27 16 18
27 21 23
28 3 6
28 10 13
28 16 19
28 21 24
29 3 7
29 10 14
29 16 20
29 21 25
30 4 5
30 11 12
30 17 18
30 22 23
30 26 27
31 4 6
31 11 13
31 17 19
31 22 24
31 26 28
32 4 7
32 11 14
32 17 20
32 22 25
32 26 29
33 5 6
33 12 13
33 18 19
33 23 24
33 27 28
33 30 31
34 5 7
34 12 14
34 18 20
34 23 25
34 27 29
34 30 32
35 6 7
35 13 14
35 19 20
35 24 25
35 28 29
35 31 32
35 33 34
0 1 8
0 2 9
0 3 10
0 4 11
0 5 12
0 6 13
0 7 14
1 0 8
1 2 15
1 3 16
1 4 17
1 5 18
1 6 19
1 7 20
2 0 9
2 1 15
2 3 21
2 4 22
2 5 23
2 6 24
2 7 25
3 0 10
3 1 16
3 2 21
3 4 26
3 5 27
3 6 28
3 7 29
4 0 11
4 1 17
4 2 22
4 3 26
4 5 30
4 6 31
4 7 32
5 0 12
5 1 18
5 2 23
5 3 27
5 4 30
5 6 33
5 7 34
6 0 13
6 1 19
6 2 24
6 3 28
6 4 31
6 5 33
6 7 35
7 0 14
7 1 20
7 2 25
7 3 29
7 4 32
7 5 34
7 6 35
8 9 15
8 10 16
8 11 17
8 12 18
8 13 19
8 14 20
9 8 15
9 10 21
9 11 22
9 12 23
9 13 24
9 14 25
10 8 16
10 9 21
10 11 26
10 12 27
10 13 28
10 14 29
11 8 17
11 9 22
11 10 26
11 12 30
11 13 31
11 14 32
12 8 18
12 9 23
12 10 27
12 11 30
12 13 33
12 14 34
13 8 19
13 9 24
13 10 28
13 11 31
13 12 33
13 14 35
14 8 20
14 9 25
14 10 29
14 11 32
14 12 34
14 13 35
15 16 21
15 17 22
15 18 23
15 19 24
15 20 25
16 15 21
16 17 26
16 18 27
16 19 28
16 20 29
17 15 22
17 16 26
17 18 30
17 19 31
17 20 32
18 15 23
18 16 27
18 17 30
18 19 33
18 20 34
19 15 24
19 16 28
19 17 31
19 18 33
19 20 35
20 15 25
20 16 29
20 17 32
20 18 34
20 19 35
21 22 26
21 23 27
21 24 28
21 25 29
22 21 26
22 23 30
22 24 31
22 25 32
23 21 27
23 22 30
23 24 33
23 25 34
24 21 28
24 22 31
24 23 33
24 25 35
25 21 29
25 22 32
25 23 34
25 24 35
26 27 30
26 28 31
26 29 32
27 26 30
27 28 33
27 29 34
28 26 31
28 27 33
28 29 35
29 26 32
29 27 34
29 28 35
30 31 33
30 32 34
31 30 33
31 32 35
32 30 34
32 31 35
33 34 35
34 33 35
1 8 0
8 1 0
2 9 0
2 15 1
9 2 0
9 15 8
15 2 1
15 9 8
3 10 0
3 16 1
3 21 2
10 3 0
10 16 8
10 21 9
16 3 1
16 10 8
16 21 15
21 3 2
21 10 9
21 16 15
4 11 0
4 17 1
4 22 2
4 26 3
11 4 0
11 17 8
11 22 9
11 26 10
17 4 1
17 11 8
17 22 15
17 26 16
22 4 2
22 11 9
22 17 15
22 26 21
26 4 3
26 11 10
26 17 16
26 22 21
5 12 0
5 18 1
5 23 2
5 27 3
5 30 4
12 5 0
12 18 8
12 23 9
12 27 10
12 30 11
18 5 1
18 12 8
18 23 15
18 27 16
18 30 17
23 5 2
23 12 9
23 18 15
23 27 21
23 30 22
27 5 3
27 12 10
27 18 16
27 23 21
27 30 26
30 5 4
30 12 11
30 18 17
30 23 22
30 27 26
6 13 0
6 19 1
6 24 2
6 28 3
6 31 4
6 33 5
13 6 0
13 19 8
13 24 9
13 28 10
13 31 11
13 33 12
19 6 1
19 13 8
19 24 15
19 28 16
19 31 17
19 33 18
24 6 2
24 13 9
24 19 15
24 28 21
24 31 22
24 33 23
28 6 3
28 13 10
28 19 16
28 24 21
28 31 26
28 33 27
31 6 4
31 13 11
31 19 17
31 24 22
31 28 26
31 33 30
33 6 5
33 13 12
33 19 18
33 24 23
33 28 27
33 31 30
7 14 0
7 20 1
7 25 2
7 29 3
7 32 4
7 34 5
7 35 6
14 7 0
14 20 8
14 25 9
14 29 10
14 32 11
14 34 12
14 35 13
20 7 1
20 14 8
20 25 15
20 29 16
20 32 17
20 34 18
20 35 19
25 7 2
25 14 9
25 20 15
25 29 21
25 32 22
25 34 23
25 35 24
29 7 3
29 14 10
29 20 16
29 25 21
29 32 26
29 34 27
29 35 28
32 7 4
32 14 11
32 20 17
32 25 22
32 29 26
32 34 30
32 35 31
34 7 5
34 14 12
34 20 18
34 25 23
34 29 27
34 32 30
34 35 33
35 7 6
35 14 13
35 20 19
35 25 24
35 29 28
35 32 31
35 34 33
0 0 73
0 0 74
0 0 75
0 0 76
0 0 77
0 0 78
0 0 79
1 1 72
1 1 73
1 1 74
1 1 75
1 1 76
1 1 77
1 1 78
1 1 79
2 2 72
2 2 73
2 2 74
2 2 75
2 2 76
2 2 77
2 2 78
2 2 79
3 3 72
3 3 73
3 3 74
3 3 75
3 3 76
3 3 77
3 3 78
3 3 79
4 4 72
4 4 73
4 4 74
4 4 75
4 4 76
4 4 77
4 4 78
4 4 79
5 5 72
5 5 73
5 5 74
5 5 75
5 5 76
5 5 77
5 5 78
5 5 79
6 6 72
6 6 73
6 6 74
6 6 75
6 6 76
6 6 77
6 6 78
6 6 79
7 7 72
7 7 73
7 7 74
7 7 75
7 7 76
7 7 77
7 7 78
7 7 79
8 8 72
8 8 73
8 8 74
8 8 75
8 8 76
8 8 77
8 8 78
8 8 79
9 9 72
9 9 73
9 9 74
9 9 75
9 9 76
9 9 77
9 9 78
9 9 79
10 10 72
10 10 73
10 10 74
10 10 75
10 10 76
10 10 77
10 10 78
10 10 79
11 11 72
11 11 73
11 11 74
11 11 75
11 11 76
11 11 77
11 11 78
11 11 79
12 12 72
12 12 73
12 12 74
12 12 75
12 12 76
12 12 77
12 12 78
12 12 79
13 13 72
13 13 73
13 13 74
13 13 75
13 13 76
13 13 77
13 13 78
13 13 79
14 14 72
14 14 73
14 14 74
14 14 75
14 14 76
14 14 77
14 14 78
14 14 79
15 15 73
15 15 74
15 15 75
15 15 76
15 15 77
15 15 78
15 15 79
16 16 73
16 16 74
16 16 75
16 16 76
16 16 77
16 16 78
16 16 79
17 17 73
17 17 74
17 17 75
17 17 76
17 17 77
17 17 78
17 17 79
18 18 73
18 18 74
18 18 75
18 18 76
18 18 77
18 18 78
18 18 79
19 19 73
19 19 74
19 19 75
19 19 76
19 19 77
19 19 78
19 19 79
20 20 73
20 20 74
20 20 75
20 20 76
20 20 77
20 20 78
20 20 79
21 21 74
21 21 75
21 21 76
21 21 77
21 21 78
21 21 79
22 22 74
22 22 75
22 22 76
22 22 77
22 22 78
22 22 79
23 23 74
23 23 75
23 23 76
23 23 77
23 23 78
23 23 79
24 24 74
24 24 75
24 24 76
24 24 77
24 24 78
24 24 79
25 25 74
25 25 75
25 25 76
25 25 77
25 25 78
25 25 79
26 26 75
26 26 76
26 26 77
26 26 78
26 26 79
27 27 75
27 27 76
27 27 77
27 27 78
27 27 79
28 28 75
28 28 76
28 28 77
28 28 78
28 28 79
29 29 75
29 29 76
29 29 77
29 29 78
29 29 79
30 30 76
30 30 77
30 30 78
30 30 79
31 31 76
31 31 77
31 31 78
31 31 79
32 32 76
32 32 77
32 32 78
32 32 79
33 33 77
33 33 78
33 33 79
34 34 77
34 34 78
34 34 79
35 35 78
35 35 79
0 44 37
44 0 37
0 45 38
45 0 38
0 46 39
46 0 39
0 47 40
47 0 40
0 48 41
48 0 41
0 49 42
49 0 42
0 50 43
50 0 43
1 51 38
51 1 38
1 52 39
52 1 39
1 53 40
53 1 40
1 54 41
54 1 41
1 55 42
55 1 42
1 56 43
56 1 43
8 51 45
51 8 45
8 52 46
52 8 46
8 53 47
53 8 47
8 54 48
54 8 48
8 55 49
55 8 49
8 56 50
56 8 50
2 57 39
57 2 39
2 58 40
58 2 40
2 59 41
59 2 41
2 60 42
60 2 42
2 61 43
61 2 43
9 57 46
57 9 46
9 58 47
58 9 47
9 59 48
59 9 48
9 60 49
60 9 49
9 61 50
61 9 50
15 57 52
57 15 52
15 58 53
58 15 53
15 59 54
59 15 54
15 60 55
60 15 55
15 61 56
61 15 56
3 62 40
62 3 40
3 63 41
63 3 41
3 64 42
64 3 42
3 65 43
65 3 43
10 62 47
62 10 47
10 63 48
63 10 48
10 64 49
64 10 49
10 65 50
65 10 50
16 62 53
62 16 53
16 63 54
63 16 54
16 64 55
64 16 55
16 65 56
65 16 56
21 62 58
62 21 58
21 63 59
63 21 59
21 64 60
64 21 60
21 65 61
65 21 61
4 66 41
66 4 41
4 67 42
67 4 42
4 68 43
68 4 43
11 66 48
66 11 48
11 67 49
67 11 49
11 68 50
68 11 50
17 66 54
66 17 54
17 67 55
67 17 55
17 68 56
68 17 56
22 66 59
66 22 59
22 67 60
67 22 60
22 68 61
68 22 61
26 66 63
66 26 63
26 67 64
67 26 64
26 68 65
68 26 65
5 69 42
69 5 42
5 70 43
70 5 43
12 69 49
69 12 49
12 70 50
70 12 50
18 69 55
69 18 55
18 70 56
70 18 56
23 69 60
69 23 60
23 70 61
70 23 61
27 69 64
69 27 64
27 70 65
70 27 65
30 69 67
69 30 67
30 70 68
70 30 68
6 71 43
71 6 43
13 71 50
71 13 50
19 71 56
71 19 56
24 71 61
71 24 61
28 71 65
71 28 65
31 71 68
71 31 68
33 71 70
71 33 70
8 36 37
36 8 37
9 36 38
36 9 38
10 36 39
36 10 39
11 36 40
36 11 40
12 36 41
36 12 41
13 36 42
36 13 42
14 36 43
36 14 43
15 37 38
37 15 38
15 44 45
44 15 45
16 37 39
37 16 39
16 44 46
44 16 46
17 37 40
37 17 40
17 44 47
44 17 47
18 37 41
37 18 41
18 44 48
44 18 48
19 37 42
37 19 42
19 44 49
44 19 49
20 37 43
37 20 43
20 44 50
44 20 50
21 38 39
38 21 39
21 45 46
45 21 46
21 51 52
51 21 52
22 38 40
38 22 40
22 45 47
45 22 47
22 51 53
51 22 53
23 38 41
38 23 41
23 45 48
45 23 48
23 51 54
51 23 54
24 38 42
38 24 42
24 45 49
45 24 49
24 51 55
51 24 55
25 38 43
38 25 43
25 45 50
45 25 50
25 51 56
51 25 56
26 39 40
39 26 40
26 46 47
46 26 47
26 52 53
52 26 53
26 57 58
57 26 58
27 39 41
39 27 41
27 46 48
46 27 48
27 52 54
52 27 54
27 57 59
57 27 59
28 39 42
39 28 42
28 46 49
46 28 49
28 52 55
52 28 55
28 57 60
57 28 60
29 39 43
39 29 43
29 46 50
46 29 50
29 52 56
52 29 56
29 57 61
57 29 61
30 40 41
40 30 41
30 47 48
47 30 48
30 53 54
53 30 54
30 58 59
58 30 59
30 62 63
62 30 63
31 40 42
40 31 42
31 47 49
47 31 49
31 53 55
53 31 55
31 58 60
58 31 60
31 62 64
62 31 64
32 40 43
40 32 43
32 47 50
47 32 50
32 53 56
53 32 56
32 58 61
58 32 61
32 62 65
62 32 65
33 41 42
41 33 42
33 48 49
48 33 49
33 54 55
54 33 55
33 59 60
59 33 60
33 63 64
63 33 64
33 66 67
66 33 67
34 41 43
41 34 43
34 48 50
48 34 50
34 54 56
54 34 56
34 59 61
59 34 61
34 63 65
63 34 65
34 66 68
66 34 68
35 42 43
42 35 43
35 49 50
49 35 50
35 55 56
55 35 56
35 60 61
60 35 61
35 64 65
64 35 65
35 67 68
67 35 68
35 69 70
69 35 70
0 37 44
37 0 44
0 38 45
38 0 45
0 39 46
39 0 46
0 40 47
40 0 47
0 41 48
41 0 48
0 42 49
42 0 49
0 43 50
43 0 50
1 36 44
36 1 44
1 38 51
38 1 51
1 39 52
39 1 52
1 40 53
40 1 53
1 41 54
41 1 54
1 42 55
42 1 55
1 43 56
43 1 56
2 36 45
36 2 45
2 37 51
37 2 51
2 39 57
39 2 57
2 40 58
40 2 58
2 41 59
41 2 59
2 42 60
42 2 60
2 43 61
43 2 61
3 36 46
36 3 46
3 37 52
37 3 52
3 38 57
38 3 57
3 40 62
40 3 62
3 41 63
41 3 63
3 42 64
42 3 64
3 43 65
43 3 65
4 36 47
36 4 47
4 37 53
37 4 53
4 38 58
38 4 58
4 39 62
39 4 62
4 41 66
41 4 66
4 42 67
42 4 67
4 43 68
43 4 68
5 36 48
36 5 48
5 37 54
37 5 54
5 38 59
38 5 59
5 39 63
39 5 63
5 40 66
40 5 66
5 42 69
42 5 69
5 43 70
43 5 70
6 36 49
36 6 49
6 37 55
37 6 55
6 38 60
38 6 60
6 39 64
39 6 64
6 40 67
40 6 67
6 41 69
41 6 69
6 43 71
43 6 71
7 36 50
36 7 50
7 37 56
37 7 56
7 38 61
38 7 61
7 39 65
39 7 65
7 40 68
40 7 68
7 41 70
41 7 70
7 42 71
42 7 71
8 45 51
45 8 51
8 46 52
46 8 52
8 47 53
47 8 53
8 48 54
48 8 54
8 49 55
49 8 55
8 50 56
50 8 56
9 44 51
44 9 51
9 46 57
46 9 57
9 47 58
47 9 58
9 48 59
48 9 59
9 49 60
49 9 60
9 50 61
50 9 61
10 44 52
44 10 52
10 45 57
45 10 57
10 47 62
47 10 62
10 48 63
48 10 63
10 49 64
49 10 64
10 50 65
50 10 65
11 44 53
44 11 53
11 45 58
45 11 58
11 46 62
46 11 62
11 48 66
48 11 66
11 49 67
49 11 67
11 50 68
50 11 68
12 44 54
44 12 54
12 45 59
45 12 59
12 46 63
46 12 63
12 47 66
47 12 66
12 49 69
49 12 69
12 50 70
50 12 70
13 44 55
44 13 55
13 45 60
45 13 60
13 46 64
46 13 64
13 47 67
47 13 67
13 48 69
48 13 69
13 50 71
50 13 71
14 44 56
44 14 56
14 45 61
45 14 61
14 46 65
46 14 65
14 47 68
47 14 68
14 48 70
48 14 70
14 49 71
49 14 71
15 52 57
52 15 57
15 53 58
53 15 58
15 54 59
54 15 59
15 55 60
55 15 60
15 56 61
56 15 61
16 51 57
51 16 57
16 53 62
53 16 62
16 54 63
54 16 63
16 55 64
55 16 64
16 56 65
56 16 65
17 51 58
51 17 58
17 52 62
52 17 62
17 54 66
54 17 66
17 55 67
55 17 67
17 56 68
56 17 68
18 51 59
51 18 59
18 52 63
52 18 63
18 53 66
53 18 66
18 55 69
55 18 69
18 56 70
56 18 70
19 51 60
51 19 60
19 52 64
52 19 64
19 53 67
53 19 67
19 54 69
54 19 69
19 56 71
56 19 71
20 51 61
51 20 61
20 52 65
52 20 65
20 53 68
53 20 68
20 54 70
54 20 70
20 55 71
55 20 71
21 58 62
58 21 62
21 59 63
59 21 63
21 60 64
60 21 64
21 61 65
61 21 65
22 57 62
57 22 62
22 59 66
59 22 66
22 60 67
60 22 67
22 61 68
61 22 68
23 57 63
57 23 63
23 58 66
58 23 66
23 60 69
60 23 69
23 61 70
61 23 70
24 57 64
57 24 64
24 58 67
58 24 67
24 59 69
59 24 69
24 61 71
61 24 71
25 57 65
57 25 65
25 58 68
58 25 68
25 59 70
59 25 70
25 60 71
60 25 71
26 63 66
63 26 66
26 64 67
64 26 67
26 65 68
65 26 68
27 62 66
62 27 66
27 64 69
64 27 69
27 65 70
65 27 70
28 62 67
62 28 67
28 63 69
63 28 69
28 65 71
65 28 71
29 62 68
62 29 68
29 63 70
63 29 70
29 64 71
64 29 71
30 67 69
67 30 69
30 68 70
68 30 70
31 66 69
66 31 69
31 68 71
68 31 71
32 66 70
66 32 70
32 67 71
67 32 71
33 70 71
70 33 71
34 69 71
69 34 71
1 44 36
44 1 36
8 37 36
37 8 36
2 45 36
45 2 36
2 51 37
51 2 37
9 38 36
38 9 36
9 51 44
51 9 44
15 38 37
38 15 37
15 45 44
45 15 44
3 46 36
46 3 36
3 52 37
52 3 37
3 57 38
57 3 38
10 39 36
39 10 36
10 52 44
52 10 44
10 57 45
57 10 45
16 39 37
39 16 37
16 46 44
46 16 44
16 57 51
57 16 51
21 39 38
39 21 38
21 46 45
46 21 45
21 52 51
52 21 51
4 47 36
47 4 36
4 53 37
53 4 37
4 58 38
58 4 38
4 62 39
62 4 39
11 40 36
40 11 36
11 53 44
53 11 44
11 58 45
58 11 45
11 62 46
62 11 46
17 40 37
40 17 37
17 47 44
47 17 44
17 58 51
58 17 51
17 62 52
62 17 52
22 40 38
40 22 38
22 47 45
47 22 45
22 53 51
53 22 51
22 62 57
62 22 57
26 40 39
40 26 39
26 47 46
47 26 46
26 53 52
53 26 52
26 58 57
58 26 57
5 48 36
48 5 36
5 54 37
54 5 37
5 59 38
59 5 38
5 63 39
63 5 39
5 66 40
66 5 40
12 41 36
41 12 36
12 54 44
54 12 44
12 59 45
59 12 45
12 63 46
63 12 46
12 66 47
66 12 47
18 41 37
41 18 37
18 48 44
48 18 44
18 59 51
59 18 51
18 63 52
63 18 52
18 66 53
66 18 53
23 41 38
41 23 38
23 48 45
48 23 45
23 54 51
54 23 51
23 63 57
63 23 57
23 66 58
66 23 58
27 41 39
41 27 39
27 48 46
48 27 46
27 54 52
54 27 52
27 59 57
59 27 57
27 66 62
66 27 62
30 41 40
41 30 40
30 48 47
48 30 47
30 54 53
54 30 53
30 59 58
59 30 58
30 63 62
63 30 62
6 49 36
49 6 36
6 55 37
55 6 37
6 60 38
60 6 38
6 64 39
64 6 39
6 67 40
67 6 40
6 69 41
69 6 41
13 42 36
42 13 36
13 55 44
55 13 44
13 60 45
60 13 45
13 64 46
64 13 46
13 67 47
67 13 47
13 69 48
69 13 48
19 42 37
42 19 37
19 49 44
49 19 44
19 60 51
60 19 51
19 64 52
64 19 52
19 67 53
67 19 53
19 69 54
69 19 54
24 42 38
42 24 38
24 49 45
49 24 45
24 55 51
55 24 51
24 64 57
64 24 57
24 67 58
67 24 58
24 69 59
69 24 59
28 42 39
42 28 39
28 49 46
49 28 46
28 55 52
55 28 52
28 60 57
60 28 57
28 67 62
67 28 62
28 69 63
69 28 63
31 42 40
42 31 40
31 49 47
49 31 47
31 55 53
55 31 53
31 60 58
60 31 58
31 64 62
64 31 62
31 69 66
69 31 66
33 42 41
42 33 41
33 49 48
49 33 48
33 55 54
55 33 54
33 60 59
60 33 59
33 64 63
64 33 63
33 67 66
67 33 66
7 50 36
50 7 36
7 56 37
56 7 37
7 61 38
61 7 38
7 65 39
65 7 39
7 68 40
68 7 40
7 70 41
70 7 41
7 71 42
71 7 42
14 43 36
43 14 36
14 56 44
56 14 44
14 61 45
61 14 45
14 65 46
65 14 46
14 68 47
68 14 47
14 70 48
70 14 48
14 71 49
71 14 49
20 43 37
43 20 37
20 50 44
50 20 44
20 61 51
61 20 51
20 65 52
65 20 52
20 68 53
68 20 53
20 70 54
70 20 54
20 71 55
71 20 55
25 43 38
43 25 38
25 50 45
50 25 45
25 56 51
56 25 51
25 65 57
65 25 57
25 68 58
68 25 58
25 70 59
70 25 59
25 71 60
71 25 60
29 43 39
43 29 39
29 50 46
50 29 46
29 56 52
56 29 52
29 61 57
61 29 57
29 68 62
68 29 62
29 70 63
70 29 63
29 71 64
71 29 64
32 43 40
43 32 40
32 50 47
50 32 47
32 56 53
56 32 53
32 61 58
61 32 58
32 65 62
65 32 62
32 70 66
70 32 66
32 71 67
71 32 67
34 43 41
43 34 41
34 50 48
50 34 48
34 56 54
56 34 54
34 61 59
61 34 59
34 65 63
65 34 63
34 68 66
68 34 66
34 71 69
71 34 69
35 43 42
43 35 42
35 50 49
50 35 49
35 56 55
56 35 55
35 61 60
61 35 60
35 65 64
65 35 64
35 68 67
68 35 67
35 70 69
70 35 69
1 72 1
72 1 1
2 72 2
72 2 2
3 72 3
72 3 3
4 72 4
72 4 4
5 72 5
72 5 5
6 72 6
72 6 6
7 72 7
72 7 7
8 72 8
72 8 8
9 72 9
72 9 9
10 72 10
72 10 10
11 72 11
72 11 11
12 72 12
72 12 12
13 72 13
72 13 13
14 72 14
72 14 14
0 73 0
73 0 0
1 73 1
73 1 1
8 73 8
73 8 8
2 73 2
73 2 2
3 73 3
73 3 3
4 73 4
73 4 4
5 73 5
73 5 5
6 73 6
73 6 6
7 73 7
73 7 7
9 73 9
73 9 9
10 73 10
73 10 10
11 73 11
73 11 11
12 73 12
73 12 12
13 73 13
73 13 13
14 73 14
73 14 14
15 73 15
73 15 15
16 73 16
73 16 16
17 73 17
73 17 17
18 73 18
73 18 18
19 73 19
73 19 19
20 73 20
73 20 20
0 74 0
74 0 0
1 74 1
74 1 1
8 74 8
74 8 8
2 74 2
74 2 2
9 74 9
74 9 9
15 74 15
74 15 15
3 74 3
74 3 3
4 74 4
74 4 4
5 74 5
74 5 5
6 74 6
74 6 6
7 74 7
74 7 7
10 74 10
74 10 10
11 74 11
74 11 11
12 74 12
74 12 12
13 74 13
74 13 13
14 74 14
74 14 14
16 74 16
74 16 16
17 74 17
74 17 17
18 74 18
74 18 18
19 74 19
74 19 19
20 74 20
74 20 20
21 74 21
74 21 21
22 74 22
74 22 22
23 74 23
74 23 23
24 74 24
74 24 24
25 74 25
74 25 25
0 75 0
75 0 0
1 75 1
75 1 1
8 75 8
75 8 8
2 75 2
75 2 2
9 75 9
75 9 9
15 75 15
75 15 15
3 75 3
75 3 3
10 75 10
75 10 10
16 75 16
75 16 16
21 75 21
75 21 21
4 75 4
75 4 4
5 75 5
75 5 5
6 75 6
75 6 6
7 75 7
75 7 7
11 75 11
75 11 11
12 75 12
75 12 12
13 75 13
75 13 13
14 75 14
75 14 14
17 75 17
75 17 17
18 75 18
75 18 18
19 75 19
75 19 19
20 75 20
75 20 20
22 75 22
75 22 22
23 75 23
75 23 23
24 75 24
75 24 24
25 75 25
75 25 25
26 75 26
75 26 26
27 75 27
75 27 27
28 75 28
75 28 28
29 75 29
75 29 29
0 76 0
76 0 0
1 76 1
76 1 1
8 76 8
76 8 8
2 76 2
76 2 2
9 76 9
76 9 9
15 76 15
76 15 15
3 76 3
76 3 3
10 76 10
76 10 10
16 76 16
76 16 16
21 76 21
76 21 21
4 76 4
76 4 4
11 76 11
76 11 11
17 76 17
76 17 17
22 76 22
76 22 22
26 76 26
76 26 26
5 76 5
76 5 5
6 76 6
76 6 6
7 76 7
76 7 7
12 76 12
76 12 12
13 76 13
76 13 13
14 76 14
76 14 14
18 76 18
76 18 18
19 76 19
76 19 19
20 76 20
76 20 20
23 76 23
76 23 23
24 76 24
76 24 24
25 76 25
76 25 25
27 76 27
76 27 27
28 76 28
76 28 28
29 76 29
76 29 29
30 76 30
76 30 30
31 76 31
76 31 31
32 76 32
76 32 32
0 77 0
77 0 0
1 77 1
77 1 1
8 77 8
77 8 8
2 77 2
77 2 2
9 77 9
77 9 9
15 77 15
77 15 15
3 77 3
77 3 3
10 77 10
77 10 10
16 77 16
77 16 16
21 77 21
77 21 21
4 77 4
77 4 4
11 77 11
77 11 11
17 77 17
77 17 17
22 77 22
77 22 22
26 77 26
77 26 26
5 77 5
77 5 5
12 77 12
77 12 12
18 77 18
77 18 18
23 77 23
77 23 23
27 77 27
77 27 27
30 77 30
77 30 30
6 77 6
77 6 6
7 77 7
77 7 7
13 77 13
77 13 13
14 77 14
77 14 14
19 77 19
77 19 19
20 77 20
77 20 20
24 77 24
77 24 24
25 77 25
77 25 25
28 77 28
77 28 28
29 77 29
77 29 29
31 77 31
77 31 31
32 77 32
77 32 32
33 77 33
77 33 33
34 77 34
77 34 34
0 78 0
78 0 0
1 78 1
78 1 1
8 78 8
78 8 8
2 78 2
78 2 2
9 78 9
78 9 9
15 78 15
78 15 15
3 78 3
78 3 3
10 78 10
78 10 10
16 78 16
78 16 16
21 78 21
78 21 21
4 78 4
78 4 4
11 78 11
78 11 11
17 78 17
78 17 17
22 78 22
78 22 22
26 78 26
78 26 26
5 78 5
78 5 5
12 78 12
78 12 12
18 78 18
78 18 18
23 78 23
78 23 23
27 78 27
78 27 27
30 78 30
78 30 30
6 78 6
78 6 6
13 78 13
78 13 13
19 78 19
78 19 19
24 78 24
78 24 24
28 78 28
78 28 28
31 78 31
78 31 31
33 78 33
78 33 33
7 78 7
78 7 7
14 78 14
78 14 14
20 78 20
78 20 20
25 78 25
78 25 25
29 78 29
78 29 29
32 78 32
78 32 32
34 78 34
78 34 34
35 78 35
78 35 35
0 79 0
79 0 0
1 79 1
79 1 1
8 79 8
79 8 8
2 79 2
79 2 2
9 79 9
79 9 9
15 79 15
79 15 15
3 79 3
79 3 3
10 79 10
79 10 10
16 79 16
79 16 16
21 79 21
79 21 21
4 79 4
79 4 4
11 79 11
79 11 11
17 79 17
79 17 17
22 79 22
79 22 22
26 79 26
79 26 26
5 79 5
79 5 5
12 79 12
79 12 12
18 79 18
79 18 18
23 79 23
79 23 23
27 79 27
79 27 27
30 79 30
79 30 30
6 79 6
79 6 6
13 79 13
79 13 13
19 79 19
79 19 19
24 79 24
79 24 24
28 79 28
79 28 28
31 79 31
79 31 31
33 79 33
79 33 33
7 79 7
79 7 7
14 79 14
79 14 14
20 79 20
79 20 20
25 79 25
79 25 25
29 79 29
79 29 29
32 79 32
79 32 32
34 79 34
79 34 34
35 79 35
79 35 35
36 44 1
36 45 2
36 46 3
36 47 4
36 48 5
36 49 6
36 50 7
37 51 2
37 52 3
37 53 4
37 54 5
37 55 6
37 56 7
44 51 9
44 52 10
44 53 11
44 54 12
44 55 13
44 56 14
38 57 3
38 58 4
38 59 5
38 60 6
38 61 7
45 57 10
45 58 11
45 59 12
45 60 13
45 61 14
51 57 16
51 58 17
51 59 18
51 60 19
51 61 20
39 62 4
39 63 5
39 64 6
39 65 7
46 62 11
46 63 12
46 64 13
46 65 14
52 62 17
52 63 18
52 64 19
52 65 20
57 62 22
57 63 23
57 64 24
57 65 25
40 66 5
40 67 6
40 68 7
47 66 12
47 67 13
47 68 14
53 66 18
53 67 19
53 68 20
58 66 23
58 67 24
58 68 25
62 66 27
62 67 28
62 68 29
41 69 6
41 70 7
48 69 13
48 70 14
54 69 19
54 70 20
59 69 24
59 70 25
63 69 28
63 70 29
66 69 31
66 70 32
42 71 7
49 71 14
55 71 20
60 71 25
64 71 29
67 71 32
69 71 34
44 36 1
45 36 2
46 36 3
47 36 4
48 36 5
49 36 6
50 36 7
51 37 2
51 44 9
52 37 3
52 44 10
53 37 4
53 44 11
54 37 5
54 44 12
55 37 6
55 44 13
56 37 7
56 44 14
57 38 3
57 45 10
57 51 16
58 38 4
58 45 11
58 51 17
59 38 5
59 45 12
59 51 18
60 38 6
60 45 13
60 51 19
61 38 7
61 45 14
61 51 20
62 39 4
62 46 11
62 52 17
62 57 22
63 39 5
63 46 12
63 52 18
63 57 23
64 39 6
64 46 13
64 52 19
64 57 24
65 39 7
65 46 14
65 52 20
65 57 25
66 40 5
66 47 12
66 53 18
66 58 23
66 62 27
67 40 6
67 47 13
67 53 19
67 58 24
67 62 28
68 40 7
68 47 14
68 53 20
68 58 25
68 62 29
69 41 6
69 48 13
69 54 19
69 59 24
69 63 28
69 66 31
70 41 7
70 48 14
70 54 20
70 59 25
70 63 29
70 66 32
71 42 7
71 49 14
71 55 20
71 60 25
71 64 29
71 67 32
71 69 34
36 37 8
36 38 9
36 39 10
36 40 11
36 41 12
36 42 13
36 43 14
37 36 8
37 38 15
37 39 16
37 40 17
37 41 18
37 42 19
37 43 20
38 36 9
38 37 15
38 39 21
38 40 22
38 41 23
38 42 24
38 43 25
39 36 10
39 37 16
39 38 21
39 40 26
39 41 27
39 42 28
39 43 29
40 36 11
40 37 17
40 38 22
40 39 26
40 41 30
40 42 31
40 43 32
41 36 12
41 37 18
41 38 23
41 39 27
41 40 30
41 42 33
41 43 34
42 36 13
42 37 19
42 38 24
42 39 28
42 40 31
42 41 33
42 43 35
43 36 14
43 37 20
43 38 25
43 39 29
43 40 32
43 41 34
43 42 35
44 45 15
44 46 16
44 47 17
44 48 18
44 49 19
44 50 20
45 44 15
45 46 21
45 47 22
45 48 23
45 49 24
45 50 25
46 44 16
46 45 21
46 47 26
46 48 27
46 49 28
46 50 29
47 44 17
47 45 22
47 46 26
47 48 30
47 49 31
47 50 32
48 44 18
48 45 23
48 46 27
48 47 30
48 49 33
48 50 34
49 44 19
49 45 24
49 46 28
49 47 31
49 48 33
49 50 35
50 44 20
50 45 25
50 46 29
50 47 32
50 48 34
50 49 35
51 52 21
51 53 22
51 54 23
51 55 24
51 56 25
52 51 21
52 53 26
52 54 27
52 55 28
52 56 29
53 51 22
53 52 26
53 54 30
53 55 31
53 56 32
54 51 23
54 52 27
54 53 30
54 55 33
54 56 34
55 51 24
55 52 28
55 53 31
55 54 33
55 56 35
56 51 25
56 52 29
56 53 32
56 54 34
56 55 35
57 58 26
57 59 27
57 60 28
57 61 29
58 57 26
58 59 30
58 60 31
58 61 32
59 57 27
59 58 30
59 60 33
59 61 34
60 57 28
60 58 31
60 59 33
60 61 35
61 57 29
61 58 32
61 59 34
61 60 35
62 63 30
62 64 31
62 65 32
63 62 30
63 64 33
63 65 34
64 62 31
64 63 33
64 65 35
65 62 32
65 63 34
65 64 35
66 67 33
66 68 34
67 66 33
67 68 35
68 66 34
68 67 35
69 70 35
70 69 35
37 44 0
44 37 0
38 45 0
38 51 1
45 38 0
45 51 8
51 38 1
51 45 8
39 46 0
39 52 1
39 57 2
46 39 0
46 52 8
46 57 9
52 39 1
52 46 8
52 57 15
57 39 2
57 46 9
57 52 15
40 47 0
40 53 1
40 58 2
40 62 3
47 40 0
47 53 8
47 58 9
47 62 10
53 40 1
53 47 8
53 58 15
53 62 16
58 40 2
58 47 9
58 53 15
58 62 21
62 40 3
62 47 10
62 53 16
62 58 21
41 48 0
41 54 1
41 59 2
41 63 3
41 66 4
48 41 0
48 54 8
48 59 9
48 63 10
48 66 11
54 41 1
54 48 8
54 59 15
54 63 16
54 66 17
59 41 2
59 48 9
59 54 15
59 63 21
59 66 22
63 41 3
63 48 10
63 54 16
63 59 21
63 66 26
66 41 4
66 48 11
66 54 17
66 59 22
66 63 26
42 49 0
42 55 1
42 60 2
42 64 3
42 67 4
42 69 5
49 42 0
49 55 8
49 60 9
49 64 10
49 67 11
49 69 12
55 42 1
55 49 8
55 60 15
55 64 16
55 67 17
55 69 18
60 42 2
60 49 9
60 55 15
60 64 21
60 67 22
60 69 23
64 42 3
64 49 10
64 55 16
64 60 21
64 67 26
64 69 27
67 42 4
67 49 11
67 55 17
67 60 22
67 64 26
67 69 30
69 42 5
69 49 12
69 55 18
69 60 23
69 64 27
69 67 30
43 50 0
43 56 1
43 61 2
43 65 3
43 68 4
43 70 5
43 71 6
50 43 0
50 56 8
50 61 9
50 65 10
50 68 11
50 70 12
50 71 13
56 43 1
56 50 8
56 61 15
56 65 16
56 68 17
56 70 18
56 71 19
61 43 2
61 50 9
61 56 15
61 65 21
61 68 22
61 70 23
61 71 24
65 43 3
65 50 10
65 56 16
65 61 21
65 68 26
65 70 27
65 71 28
68 43 4
68 50 11
68 56 17
68 61 22
68 65 26
68 70 30
68 71 31
70 43 5
70 50 12
70 56 18
70 61 23
70 65 27
70 68 30
70 71 33
71 43 6
71 50 13
71 56 19
71 61 24
71 65 28
71 68 31
71 70 33
36 36 73
36 36 74
36 36 75
36 36 76
36 36 77
36 36 78
36 36 79
37 37 72
37 37 73
37 37 74
37 37 75
37 37 76
37 37 77
37 37 78
37 37 79
38 38 72
38 38 73
38 38 74
38 38 75
38 38 76
38 38 77
38 38 78
38 38 79
39 39 72
39 39 73
39 39 74
39 39 75
39 39 76
39 39 77
39 39 78
39 39 79
40 40 72
40 40 73
40 40 74
40 40 75
40 40 76
40 40 77
40 40 78
40 40 79
41 41 72
41 41 73
41 41 74
41 41 75
41 41 76
41 41 77
41 41 78
41 41 79
42 42 72
42 42 73
42 42 74
42 42 75
42 42 76
42 42 77
42 42 78
42 42 79
43 43 72
43 43 73
43 43 74
43 43 75
43 43 76
43 43 77
43 43 78
43 43 79
44 44 72
44 44 73
44 44 74
44 44 75
44 44 76
44 44 77
44 44 78
44 44 79
45 45 72
45 45 73
45 45 74
45 45 75
45 45 76
45 45 77
45 45 78
45 45 79
46 46 72
46 46 73
46 46 74
46 46 75
46 46 76
46 46 77
46 46 78
46 46 79
47 47 72
47 47 73
47 47 74
47 47 75
47 47 76
47 47 77
47 47 78
47 47 79
48 48 72
48 48 73
48 48 74
48 48 75
48 48 76
48 48 77
48 48 78
48 48 79
49 49 72
49 49 73
49 49 74
49 49 75
49 49 76
49 49 77
49 49 78
49 49 79
50 50 72
50 50 73
50 50 74
50 50 75
50 50 76
50 50 77
50 50 78
50 50 79
51 51 73
51 51 74
51 51 75
51 51 76
51 51 77
51 51 78
51 51 79
52 52 73
52 52 74
52 52 75
52 52 76
52 52 77
52 52 78
52 52 79
53 53 73
53 53 74
53 53 75
53 53 76
53 53 77
53 53 78
53 53 79
54 54 73
54 54 74
54 54 75
54 54 76
54 54 77
54 54 78
54 54 79
55 55 73
55 55 74
55 55 75
55 55 76
55 55 77
55 55 78
55 55 79
56 56 73
56 56 74
56 56 75
56 56 76
56 56 77
56 56 78
56 56 79
57 57 74
57 57 75
57 57 76
57 57 77
57 57 78
57 57 79
58 58 74
58 58 75
58 58 76
58 58 77
58 58 78
58 58 79
59 59 74
59 59 75
59 59 76
59 59 77
59 59 78
59 59 79
60 60 74
60 60 75
60 60 76
60 60 77
60 60 78
60 60 79
61 61 74
61 61 75
61 61 76
61 61 77
61 61 78
61 61 79
62 62 75
62 62 76
62 62 77
62 62 78
62 62 79
63 63 75
63 63 76
63 63 77
63 63 78
63 63 79
64 64 75
64 64 76
64 64 77
64 64 78
64 64 79
65 65 75
65 65 76
65 65 77
65 65 78
65 65 79
66 66 76
66 66 77
66 66 78
66 66 79
67 67 76
67 67 77
67 67 78
67 67 79
68 68 76
68 68 77
68 68 78
68 68 79
69 69 77
69 69 78
69 69 79
70 70 77
70 70 78
70 70 79
71 71 78
71 71 79
37 72 37
72 37 37
38 72 38
72 38 38
39 72 39
72 39 39
40 72 40
72 40 40
41 72 41
72 41 41
42 72 42
72 42 42
43 72 43
72 43 43
44 72 44
72 44 44
45 72 45
72 45 45
46 72 46
72 46 46
47 72 47
72 47 47
48 72 48
72 48 48
49 72 49
72 49 49
50 72 50
72 50 50
36 73 36
73 36 36
37 73 37
73 37 37
44 73 44
73 44 44
38 73 38
73 38 38
39 73 39
73 39 39
40 73 40
73 40 40
41 73 41
73 41 41
42 73 42
73 42 42
43 73 43
73 43 43
45 73 45
73 45 45
46 73 46
73 46 46
47 73 47
73 47 47
48 73 48
73 48 48
49 73 49
73 49 49
50 73 50
73 50 50
51 73 51
73 51 51
52 73 52
73 52 52
53 73 53
73 53 53
54 73 54
73 54 54
55 73 55
73 55 55
56 73 56
73 56 56
36 74 36
74 36 36
37 74 37
74 37 37
44 74 44
74 44 44
38 74 38
74 38 38
45 74 45
74 45 45
51 74 51
74 51 51
39 74 39
74 39 39
40 74 40
74 40 40
41 74 41
74 41 41
42 74 42
74 42 42
43 74 43
74 43 43
46 74 46
74 46 46
47 74 47
74 47 47
48 74 48
74 48 48
49 74 49
74 49 49
50 74 50
74 50 50
52 74 52
74 52 52
53 74 53
74 53 53
54 74 54
74 54 54
55 74 55
74 55 55
56 74 56
74 56 56
57 74 57
74 57 57
58 74 58
74 58 58
59 74 59
74 59 59
60 74 60
74 60 60
61 74 61
74 61 61
36 75 36
75 36 36
37 75 37
75 37 37
44 75 44
75 44 44
38 75 38
75 38 38
45 75 45
75 45 45
51 75 51
75 51 51
39 75 39
75 39 39
46 75 46
75 46 46
52 75 52
75 52 52
57 75 57
75 57 57
40 75 40
75 40 40
41 75 41
75 41 41
42 75 42
75 42 42
43 75 43
75 43 43
47 75 47
75 47 47
48 75 48
75 48 48
49 75 49
75 49 49
50 75 50
75 50 50
53 75 53
75 53 53
54 75 54
75 54 54
55 75 55
75 55 55
56 75 56
75 56 56
58 75 58
75 58 58
59 75 59
75 59 59
60 75 60
75 60 60
61 75 61
75 61 61
62 75 62
75 62 62
63 75 63
75 63 63
64 75 64
75 64 64
65 75 65
75 65 65
36 76 36
76 36 36
37 76 37
76 37 37
44 76 44
76 44 44
38 76 38
76 38 38
45 76 45
76 45 45
51 76 51
76 51 51
39 76 39
76 39 39
46 76 46
76 46 46
52 76 52
76 52 52
57 76 57
76 57 57
40 76 40
76 40 40
47 76 47
76 47 47
53 76 53
76 53 53
58 76 58
76 58 58
62 76 62
76 62 62
41 76 41
76 41 41
42 76 42
76 42 42
43 76 43
76 43 43
48 76 48
76 48 48
49 76 49
76 49 49
50 76 50
76 50 50
54 76 54
76 54 54
55 76 55
76 55 55
56 76 56
76 56 56
59 76 59
76 59 59
60 76 60
76 60 60
61 76 61
76 61 61
63 76 63
76 63 63
64 76 64
76 64 64
65 76 65
76 65 65
66 76 66
76 66 66
67 76 67
76 67 67
68 76 68
76 68 68
36 77 36
77 36 36
37 77 37
77 37 37
44 77 44
77 44 44
38 77 38
77 38 38
45 77 45
77 45 45
51 77 51
77 51 51
39 77 39
77 39 39
46 77 46
77 46 46
52 77 52
77 52 52
57 77 57
77 57 57
40 77 40
77 40 40
47 77 47
77 47 47
53 77 53
77 53 53
58 77 58
77 58 58
62 77 62
77 62 62
41 77 41
77 41 41
48 77 48
77 48 48
54 77 54
77 54 54
59 77 59
77 59 59
63 77 63
77 63 63
66 77 66
77 66 66
42 77 42
77 42 42
43 77 43
77 43 43
49 77 49
77 49 49
50 77 50
77 50 50
55 77 55
77 55 55
56 77 56
77 56 56
60 77 60
77 60 60
61 77 61
77 61 61
64 77 64
77 64 64
65 77 65
77 65 65
67 77 67
77 67 67
68 77 68
77 68 68
69 77 69
77 69 69
70 77 70
77 70 70
36 78 36
78 36 36
37 78 37
78 37 37
44 78 44
78 44 44
38 78 38
78 38 38
45 78 45
78 45 45
51 78 51
78 51 51
39 78 39
78 39 39
46 78 46
78 46 46
52 78 52
78 52 52
57 78 57
78 57 57
40 78 40
78 40 40
47 78 47
78 47 47
53 78 53
78 53 53
58 78 58
78 58 58
62 78 62
78 62 62
41 78 41
78 41 41
48 78 48
78 48 48
54 78 54
78 54 54
59 78 59
78 59 59
63 78 63
78 63 63
66 78 66
78 66 66
42 78 42
78 42 42
49 78 49
78 49 49
55 78 55
78 55 55
60 78 60
78 60 60
64 78 64
78 64 64
67 78 67
78 67 67
69 78 69
78 69 69
43 78 43
78 43 43
50 78 50
78 50 50
56 78 56
78 56 56
61 78 61
78 61 61
65 78 65
78 65 65
68 78 68
78 68 68
70 78 70
78 70 70
71 78 71
78 71 71
36 79 36
79 36 36
37 79 37
79 37 37
44 79 44
79 44 44
38 79 38
79 38 38
45 79 45
79 45 45
51 79 51
79 51 51
39 79 39
79 39 39
46 79 46
79 46 46
52 79 52
79 52 52
57 79 57
79 57 57
40 79 40
79 40 40
47 79 47
79 47 47
53 79 53
79 53 53
58 79 58
79 58 58
62 79 62
79 62 62
41 79 41
79 41 41
48 79 48
79 48 48
54 79 54
79 54 54
59 79 59
79 59 59
63 79 63
79 63 63
66 79 66
79 66 66
42 79 42
79 42 42
49 79 49
79 49 49
55 79 55
79 55 55
60 79 60
79 60 60
64 79 64
79 64 64
67 79 67
79 67 67
69 79 69
79 69 69
43 79 43
79 43 43
50 79 50
79 50 50
56 79 56
79 56 56
61 79 61
79 61 61
65 79 65
79 65 65
68 79 68
79 68 68
70 79 70
79 70 70
71 79 71
79 71 71
72 73 72
73 72 72
72 74 72
74 72 72
72 75 72
75 72 72
72 76 72
76 72 72
72 77 72
77 72 72
72 78 72
78 72 72
72 79 72
79 72 72
73 74 73
74 73 73
73 75 73
75 73 73
73 76 73
76 73 73
73 77 73
77 73 73
73 78 73
78 73 73
73 79 73
79 73 73
74 75 74
75 74 74
74 76 74
76 74 74
74 77 74
77 74 74
74 78 74
78 74 74
74 79 74
79 74 74
75 76 75
76 75 75
75 77 75
77 75 75
75 78 75
78 75 75
75 79 75
79 75 75
76 77 76
77 76 76
76 78 76
78 76 76
76 79 76
79 76 76
77 78 77
78 77 77
77 79 77
79 77 77
78 79 78
79 78 78
72 72 73
72 72 74
72 72 75
72 72 76
72 72 77
72 72 78
72 72 79
73 73 73
73 73 74
73 73 75
73 73 76
73 73 77
73 73 78
73 73 79
74 74 74
74 74 75
74 74 76
74 74 77
74 74 78
74 74 79
75 75 75
75 75 76
75 75 77
75 75 78
75 75 79
76 76 76
76 76 77
76 76 78
76 76 79
77 77 77
77 77 78
77 77 79
78 78 78
78 78 79
79 79 79
