0 0 21
0 0 22
0 0 23
0 1 4
0 2 5
0 3 6
0 4 1
0 5 2
0 6 3
0 11 14
0 12 15
0 13 16
0 14 11
0 15 12
0 16 13
0 21 0
0 22 0
0 23 0
1 0 4
1 1 20
1 1 21
1 1 22
1 1 23
1 2 7
1 3 8
1 4 0
1 7 2
1 8 3
1 10 14
1 12 17
1 13 18
1 14 10
1 17 12
1 18 13
1 20 1
1 21 1
1 22 1
1 23 1
2 0 5
2 1 7
2 2 20
2 2 21
2 2 22
2 2 23
2 3 9
2 5 0
2 7 1
2 9 3
2 10 15
2 11 17
2 13 19
2 15 10
2 17 11
2 19 13
2 20 2
2 21 2
2 22 2
2 23 2
3 0 6
3 1 8
3 2 9
3 3 20
3 3 21
3 3 22
3 3 23
3 6 0
3 8 1
3 9 2
3 10 16
3 11 18
3 12 19
3 16 10
3 18 11
3 19 12
3 20 3
3 21 3
3 22 3
3 23 3
4 0 1
4 1 0
4 4 20
4 4 21
4 4 22
4 4 23
4 5 7
4 6 8
4 7 5
4 8 6
4 10 11
4 11 10
4 15 17
4 16 18
4 17 15
4 18 16
4 20 4
4 21 4
4 22 4
4 23 4
5 0 2
5 2 0
5 4 7
5 5 20
5 5 21
5 5 22
5 5 23
5 6 9
5 7 4
5 9 6
5 10 12
5 12 10
5 14 17
5 16 19
5 17 14
5 19 16
5 20 5
5 21 5
5 22 5
5 23 5
6 0 3
6 3 0
6 4 8
6 5 9
6 6 20
6 6 21
6 6 22
6 6 23
6 8 4
6 9 5
6 10 13
6 13 10
6 14 18
6 15 19
6 18 14
6 19 15
6 20 6
6 21 6
6 22 6
6 23 6
7 1 2
7 2 1
7 4 5
7 5 4
7 7 21
7 7 22
7 7 23
7 8 9
7 9 8
7 11 12
7 12 11
7 14 15
7 15 14
7 18 19
7 19 18
7 21 7
7 22 7
7 23 7
8 1 3
8 3 1
8 4 6
8 6 4
8 7 9
8 8 21
8 8 22
8 8 23
8 9 7
8 11 13
8 13 11
8 14 16
8 16 14
8 17 19
8 19 17
8 21 8
8 22 8
8 23 8
9 2 3
9 3 2
9 5 6
9 6 5
9 7 8
9 8 7
9 9 22
9 9 23
9 12 13
9 13 12
9 15 16
9 16 15
9 17 18
9 18 17
9 22 9
9 23 9
10 1 14
10 2 15
10 3 16
10 4 11
10 5 12
10 6 13
10 10 21
10 10 22
10 10 23
10 11 4
10 12 5
10 13 6
10 14 1
10 15 2
10 16 3
10 21 10
10 22 10
10 23 10
11 0 14
11 2 17
11 3 18
11 4 10
11 7 12
11 8 13
11 10 4
11 11 20
11 11 21
11 11 22
11 11 23
11 12 7
11 13 8
11 14 0
11 17 2
11 18 3
11 20 11
11 21 11
11 22 11
11 23 11
12 0 15
12 1 17
12 3 19
12 5 10
12 7 11
12 9 13
12 10 5
12 11 7
12 12 20
12 12 21
12 12 22
12 12 23
12 13 9
12 15 0
12 17 1
12 19 3
12 20 12
12 21 12
12 22 12
12 23 12
13 0 16
13 1 18
13 2 19
13 6 10
13 8 11
13 9 12
13 10 6
13 11 8
13 12 9
13 13 20
13 13 21
13 13 22
13 13 23
13 16 0
13 18 1
13 19 2
13 20 13
13 21 13
13 22 13
13 23 13
14 0 11
14 1 10
14 5 17
14 6 18
14 7 15
14 8 16
14 10 1
14 11 0
14 14 20
14 14 21
14 14 22
14 14 23
14 15 7
14 16 8
14 17 5
14 18 6
14 20 14
14 21 14
14 22 14
14 23 14
15 0 12
15 2 10
15 4 17
15 6 19
15 7 14
15 9 16
15 10 2
15 12 0
15 14 7
15 15 20
15 15 21
15 15 22
15 15 23
15 16 9
15 17 4
15 19 6
15 20 15
15 21 15
15 22 15
15 23 15
16 0 13
16 3 10
16 4 18
16 5 19
16 8 14
16 9 15
16 10 3
16 13 0
16 14 8
16 15 9
16 16 20
16 16 21
16 16 22
16 16 23
16 18 4
16 19 5
16 20 16
16 21 16
16 22 16
16 23 16
17 1 12
17 2 11
17 4 15
17 5 14
17 8 19
17 9 18
17 11 2
17 12 1
17 14 5
17 15 4
17 17 21
17 17 22
17 17 23
17 18 9
17 19 8
17 21 17
17 22 17
17 23 17
18 1 13
18 3 11
18 4 16
18 6 14
18 7 19
18 9 17
18 11 3
18 13 1
18 14 6
18 16 4
18 17 9
18 18 21
18 18 22
18 18 23
18 19 7
18 21 18
18 22 18
18 23 18
19 2 13
19 3 12
19 5 16
19 6 15
19 7 18
19 8 17
19 12 3
19 13 2
19 15 6
19 16 5
19 17 8
19 18 7
19 19 22
19 19 23
19 22 19
19 23 19
20 1 1
20 2 2
20 3 3
20 4 4
20 5 5
20 6 6
20 11 11
20 12 12
20 13 13
20 14 14
20 15 15
20 16 16
20 20 21
20 20 22
20 20 23
20 21 20
20 22 20
20 23 20
21 0 0
21 1 1
21 2 2
21 3 3
21 4 4
21 5 5
21 6 6
21 7 7
21 8 8
21 10 10
21 11 11
21 12 12
21 13 13
21 14 14
21 15 15
21 16 16
21 17 17
21 18 18
21 20 20
21 21 21
21 21 22
21 21 23
21 22 21
21 23 21
22 0 0
22 1 1
22 2 2
22 3 3
22 4 4
22 5 5
22 6 6
22 7 7
22 8 8
22 9 9
22 10 10
22 11 11
22 12 12
22 13 13
22 14 14
22 15 15
22 16 16
22 17 17
22 18 18
22 19 19
22 20 20
22 21 21
22 22 22
22 22 23
22 23 22
23 0 0
23 1 1
23 2 2
23 3 3
23 4 4
23 5 5
23 6 6
23 7 7
23 8 8
23 9 9
23 10 10
23 11 11
23 12 12
23 13 13
23 14 14
23 15 15
23 16 16
23 17 17
23 18 18
23 19 19
23 20 20
23 21 21
23 22 22
23 23 23
