0 11 1
0 12 2
0 13 3
0 14 4
0 15 5
0 16 6
0 17 7
0 18 8
0 19 9
0 20 10
1 21 2
1 22 3
1 23 4
1 24 5
1 25 6
1 26 7
1 27 8
1 28 9
1 29 10
11 21 12
11 22 13
11 23 14
11 24 15
11 25 16
11 26 17
11 27 18
11 28 19
11 29 20
2 30 3
2 31 4
2 32 5
2 33 6
2 34 7
2 35 8
2 36 9
2 37 10
12 30 13
12 31 14
12 32 15
12 33 16
12 34 17
12 35 18
12 36 19
12 37 20
21 30 22
21 31 23
21 32 24
21 33 25
21 34 26
21 35 27
21 36 28
21 37 29
3 38 4
3 39 5
3 40 6
3 41 7
3 42 8
3 43 9
3 44 10
13 38 14
13 39 15
13 40 16
13 41 17
13 42 18
13 43 19
13 44 20
22 38 23
22 39 24
22 40 25
22 41 26
22 42 27
22 43 28
22 44 29
30 38 31
30 39 32
30 40 33
30 41 34
30 42 35
30 43 36
30 44 37
4 45 5
4 46 6
4 47 7
4 48 8
4 49 9
4 50 10
14 45 15
14 46 16
14 47 17
14 48 18
14 49 19
14 50 20
23 45 24
23 46 25
23 47 26
23 48 27
23 49 28
23 50 29
31 45 32
31 46 33
31 47 34
31 48 35
31 49 36
31 50 37
38 45 39
38 46 40
38 47 41
38 48 42
38 49 43
38 50 44
5 51 6
5 52 7
5 53 8
5 54 9
5 55 10
15 51 16
15 52 17
15 53 18
15 54 19
15 55 20
24 51 25
24 52 26
24 53 27
24 54 28
24 55 29
32 51 33
32 52 34
32 53 35
32 54 36
32 55 37
39 51 40
39 52 41
39 53 42
39 54 43
39 55 44
45 51 46
45 52 47
45 53 48
45 54 49
45 55 50
6 56 7
6 57 8
6 58 9
6 59 10
16 56 17
16 57 18
16 58 19
16 59 20
25 56 26
25 57 27
25 58 28
25 59 29
33 56 34
33 57 35
33 58 36
33 59 37
40 56 41
40 57 42
40 58 43
40 59 44
46 56 47
46 57 48
46 58 49
46 59 50
51 56 52
51 57 53
51 58 54
51 59 55
7 60 8
7 61 9
7 62 10
17 60 18
17 61 19
17 62 20
26 60 27
26 61 28
26 62 29
34 60 35
34 61 36
34 62 37
41 60 42
41 61 43
41 62 44
47 60 48
47 61 49
47 62 50
52 60 53
52 61 54
52 62 55
56 60 57
56 61 58
56 62 59
8 63 9
8 64 10
18 63 19
18 64 20
27 63 28
27 64 29
35 63 36
35 64 37
42 63 43
42 64 44
48 63 49
48 64 50
53 63 54
53 64 55
57 63 58
57 64 59
60 63 61
60 64 62
9 65 10
19 65 20
28 65 29
36 65 37
43 65 44
49 65 50
54 65 55
58 65 59
61 65 62
63 65 64
11 0 1
12 0 2
13 0 3
14 0 4
15 0 5
16 0 6
17 0 7
18 0 8
19 0 9
20 0 10
21 1 2
21 11 12
22 1 3
22 11 13
23 1 4
23 11 14
24 1 5
24 11 15
25 1 6
25 11 16
26 1 7
26 11 17
27 1 8
27 11 18
28 1 9
28 11 19
29 1 10
29 11 20
30 2 3
30 12 13
30 21 22
31 2 4
31 12 14
31 21 23
32 2 5
32 12 15
32 21 24
33 2 6
33 12 16
33 21 25
34 2 7
34 12 17
34 21 26
35 2 8
35 12 18
35 21 27
36 2 9
36 12 19
36 21 28
37 2 10
37 12 20
37 21 29
38 3 4
38 13 14
38 22 23
38 30 31
39 3 5
39 13 15
39 22 24
39 30 32
40 3 6
40 13 16
40 22 25
40 30 33
41 3 7
41 13 17
41 22 26
41 30 34
42 3 8
42 13 18
42 22 27
42 30 35
43 3 9
43 13 19
43 22 28
43 30 36
44 3 10
44 13 20
44 22 29
44 30 37
45 4 5
45 14 15
45 23 24
45 31 32
45 38 39
46 4 6
46 14 16
46 23 25
46 31 33
46 38 40
47 4 7
47 14 17
47 23 26
47 31 34
47 38 41
48 4 8
48 14 18
48 23 27
48 31 35
48 38 42
49 4 9
49 14 19
49 23 28
49 31 36
49 38 43
50 4 10
50 14 20
50 23 29
50 31 37
50 38 44
51 5 6
51 15 16
51 24 25
51 32 33
51 39 40
51 45 46
52 5 7
52 15 17
52 24 26
52 32 34
52 39 41
52 45 47
53 5 8
53 15 18
53 24 27
53 32 35
53 39 42
53 45 48
54 5 9
54 15 19
54 24 28
54 32 36
54 39 43
54 45 49
55 5 10
55 15 20
55 24 29
55 32 37
55 39 44
55 45 50
56 6 7
56 16 17
56 25 26
56 33 34
56 40 41
56 46 47
56 51 52
57 6 8
57 16 18
57 25 27
57 33 35
57 40 42
57 46 48
57 51 53
58 6 9
58 16 19
58 25 28
58 33 36
58 40 43
58 46 49
58 51 54
59 6 10
59 16 20
59 25 29
59 33 37
59 40 44
59 46 50
59 51 55
60 7 8
60 17 18
60 26 27
60 34 35
60 41 42
60 47 48
60 52 53
60 56 57
61 7 9
61 17 19
61 26 28
61 34 36
61 41 43
61 47 49
61 52 54
61 56 58
62 7 10
62 17 20
62 26 29
62 34 37
62 41 44
62 47 50
62 52 55
62 56 59
63 8 9
63 18 19
63 27 28
63 35 36
63 42 43
63 48 49
63 53 54
63 57 58
63 60 61
64 8 10
64 18 20
64 27 29
64 35 37
64 42 44
64 48 50
64 53 55
64 57 59
64 60 62
65 9 10
65 19 20
65 28 29
65 36 37
65 43 44
65 49 50
65 54 55
65 58 59
65 61 62
65 63 64
0 1 11
0 2 12
0 3 13
0 4 14
0 5 15
0 6 16
0 7 17
0 8 18
0 9 19
0 10 20
1 0 11
1 2 21
1 3 22
1 4 23
1 5 24
1 6 25
1 7 26
1 8 27
1 9 28
1 10 29
2 0 12
2 1 21
2 3 30
2 4 31
2 5 32
2 6 33
2 7 34
2 8 35
2 9 36
2 10 37
3 0 13
3 1 22
3 2 30
3 4 38
3 5 39
3 6 40
3 7 41
3 8 42
3 9 43
3 10 44
4 0 14
4 1 23
4 2 31
4 3 38
4 5 45
4 6 46
4 7 47
4 8 48
4 9 49
4 10 50
5 0 15
5 1 24
5 2 32
5 3 39
5 4 45
5 6 51
5 7 52
5 8 53
5 9 54
5 10 55
6 0 16
6 1 25
6 2 33
6 3 40
6 4 46
6 5 51
6 7 56
6 8 57
6 9 58
6 10 59
7 0 17
7 1 26
7 2 34
7 3 41
7 4 47
7 5 52
7 6 56
7 8 60
7 9 61
7 10 62
8 0 18
8 1 27
8 2 35
8 3 42
8 4 48
8 5 53
8 6 57
8 7 60
8 9 63
8 10 64
9 0 19
9 1 28
9 2 36
9 3 43
9 4 49
9 5 54
9 6 58
9 7 61
9 8 63
9 10 65
10 0 20
10 1 29
10 2 37
10 3 44
10 4 50
10 5 55
10 6 59
10 7 62
10 8 64
10 9 65
11 12 21
11 13 22
11 14 23
11 15 24
11 16 25
11 17 26
11 18 27
11 19 28
11 20 29
12 11 21
12 13 30
12 14 31
12 15 32
12 16 33
12 17 34
12 18 35
12 19 36
12 20 37
13 11 22
13 12 30
13 14 38
13 15 39
13 16 40
13 17 41
13 18 42
13 19 43
13 20 44
14 11 23
14 12 31
14 13 38
14 15 45
14 16 46
14 17 47
14 18 48
14 19 49
14 20 50
15 11 24
15 12 32
15 13 39
15 14 45
15 16 51
15 17 52
15 18 53
15 19 54
15 20 55
16 11 25
16 12 33
16 13 40
16 14 46
16 15 51
16 17 56
16 18 57
16 19 58
16 20 59
17 11 26
17 12 34
17 13 41
17 14 47
17 15 52
17 16 56
17 18 60
17 19 61
17 20 62
18 11 27
18 12 35
18 13 42
18 14 48
18 15 53
18 16 57
18 17 60
18 19 63
18 20 64
19 11 28
19 12 36
19 13 43
19 14 49
19 15 54
19 16 58
19 17 61
19 18 63
19 20 65
20 11 29
20 12 37
20 13 44
20 14 50
20 15 55
20 16 59
20 17 62
20 18 64
20 19 65
21 22 30
21 23 31
21 24 32
21 25 33
21 26 34
21 27 35
21 28 36
21 29 37
22 21 30
22 23 38
22 24 39
22 25 40
22 26 41
22 27 42
22 28 43
22 29 44
23 21 31
23 22 38
23 24 45
23 25 46
23 26 47
23 27 48
23 28 49
23 29 50
24 21 32
24 22 39
24 23 45
24 25 51
24 26 52
24 27 53
24 28 54
24 29 55
25 21 33
25 22 40
25 23 46
25 24 51
25 26 56
25 27 57
25 28 58
25 29 59
26 21 34
26 22 41
26 23 47
26 24 52
26 25 56
26 27 60
26 28 61
26 29 62
27 21 35
27 22 42
27 23 48
27 24 53
27 25 57
27 26 60
27 28 63
27 29 64
28 21 36
28 22 43
28 23 49
28 24 54
28 25 58
28 26 61
28 27 63
28 29 65
29 21 37
29 22 44
29 23 50
29 24 55
29 25 59
29 26 62
29 27 64
29 28 65
30 31 38
30 32 39
30 33 40
30 34 41
30 35 42
30 36 43
30 37 44
31 30 38
31 32 45
31 33 46
31 34 47
31 35 48
31 36 49
31 37 50
32 30 39
32 31 45
32 33 51
32 34 52
32 35 53
32 36 54
32 37 55
33 30 40
33 31 46
33 32 51
33 34 56
33 35 57
33 36 58
33 37 59
34 30 41
34 31 47
34 32 52
34 33 56
34 35 60
34 36 61
34 37 62
35 30 42
35 31 48
35 32 53
35 33 57
35 34 60
35 36 63
35 37 64
36 30 43
36 31 49
36 32 54
36 33 58
36 34 61
36 35 63
36 37 65
37 30 44
37 31 50
37 32 55
37 33 59
37 34 62
37 35 64
37 36 65
38 39 45
38 40 46
38 41 47
38 42 48
38 43 49
38 44 50
39 38 45
39 40 51
39 41 52
39 42 53
39 43 54
39 44 55
40 38 46
40 39 51
40 41 56
40 42 57
40 43 58
40 44 59
41 38 47
41 39 52
41 40 56
41 42 60
41 43 61
41 44 62
42 38 48
42 39 53
42 40 57
42 41 60
42 43 63
42 44 64
43 38 49
43 39 54
43 40 58
43 41 61
43 42 63
43 44 65
44 38 50
44 39 55
44 40 59
44 41 62
44 42 64
44 43 65
45 46 51
45 47 52
45 48 53
45 49 54
45 50 55
46 45 51
46 47 56
46 48 57
46 49 58
46 50 59
47 45 52
47 46 56
47 48 60
47 49 61
47 50 62
48 45 53
48 46 57
48 47 60
48 49 63
48 50 64
49 45 54
49 46 58
49 47 61
49 48 63
49 50 65
50 45 55
50 46 59
50 47 62
50 48 64
50 49 65
51 52 56
51 53 57
51 54 58
51 55 59
52 51 56
52 53 60
52 54 61
52 55 62
53 51 57
53 52 60
53 54 63
53 55 64
54 51 58
54 52 61
54 53 63
54 55 65
55 51 59
55 52 62
55 53 64
55 54 65
56 57 60
56 58 61
56 59 62
57 56 60
57 58 63
57 59 64
58 56 61
58 57 63
58 59 65
59 56 62
59 57 64
59 58 65
60 61 63
60 62 64
61 60 63
61 62 65
62 60 64
62 61 65
63 64 65
64 63 65
1 11 0
11 1 0
2 12 0
2 21 1
12 2 0
12 21 11
21 2 1
21 12 11
3 13 0
3 22 1
3 30 2
13 3 0
13 22 11
13 30 12
22 3 1
22 13 11
22 30 21
30 3 2
30 13 12
30 22 21
4 14 0
4 23 1
4 31 2
4 38 3
14 4 0
14 23 11
14 31 12
14 38 13
23 4 1
23 14 11
23 31 21
23 38 22
31 4 2
31 14 12
31 23 21
31 38 30
38 4 3
38 14 13
38 23 22
38 31 30
5 15 0
5 24 1
5 32 2
5 39 3
5 45 4
15 5 0
15 24 11
15 32 12
15 39 13
15 45 14
24 5 1
24 15 11
24 32 21
24 39 22
24 45 23
32 5 2
32 15 12
32 24 21
32 39 30
32 45 31
39 5 3
39 15 13
39 24 22
39 32 30
39 45 38
45 5 4
45 15 14
45 24 23
45 32 31
45 39 38
6 16 0
6 25 1
6 33 2
6 40 3
6 46 4
6 51 5
16 6 0
16 25 11
16 33 12
16 40 13
16 46 14
16 51 15
25 6 1
25 16 11
25 33 21
25 40 22
25 46 23
25 51 24
33 6 2
33 16 12
33 25 21
33 40 30
33 46 31
33 51 32
40 6 3
40 16 13
40 25 22
40 33 30
40 46 38
40 51 39
46 6 4
46 16 14
46 25 23
46 33 31
46 40 38
46 51 45
51 6 5
51 16 15
51 25 24
51 33 32
51 40 39
51 46 45
7 17 0
7 26 1
7 34 2
7 41 3
7 47 4
7 52 5
7 56 6
17 7 0
17 26 11
17 34 12
17 41 13
17 47 14
17 52 15
17 56 16
26 7 1
26 17 11
26 34 21
26 41 22
26 47 23
26 52 24
26 56 25
34 7 2
34 17 12
34 26 21
34 41 30
34 47 31
34 52 32
34 56 33
41 7 3
41 17 13
41 26 22
41 34 30
41 47 38
41 52 39
41 56 40
47 7 4
47 17 14
47 26 23
47 34 31
47 41 38
47 52 45
47 56 46
52 7 5
52 17 15
52 26 24
52 34 32
52 41 39
52 47 45
52 56 51
56 7 6
56 17 16
56 26 25
56 34 33
56 41 40
56 47 46
56 52 51
8 18 0
8 27 1
8 35 2
8 42 3
8 48 4
8 53 5
8 57 6
8 60 7
18 8 0
18 27 11
18 35 12
18 42 13
18 48 14
18 53 15
18 57 16
18 60 17
27 8 1
27 18 11
27 35 21
27 42 22
27 48 23
27 53 24
27 57 25
27 60 26
35 8 2
35 18 12
35 27 21
35 42 30
35 48 31
35 53 32
35 57 33
35 60 34
42 8 3
42 18 13
42 27 22
42 35 30
42 48 38
42 53 39
42 57 40
42 60 41
48 8 4
48 18 14
48 27 23
48 35 31
48 42 38
48 53 45
48 57 46
48 60 47
53 8 5
53 18 15
53 27 24
53 35 32
53 42 39
53 48 45
53 57 51
53 60 52
57 8 6
57 18 16
57 27 25
57 35 33
57 42 40
57 48 46
57 53 51
57 60 56
60 8 7
60 18 17
60 27 26
60 35 34
60 42 41
60 48 47
60 53 52
60 57 56
9 19 0
9 28 1
9 36 2
9 43 3
9 49 4
9 54 5
9 58 6
9 61 7
9 63 8
19 9 0
19 28 11
19 36 12
19 43 13
19 49 14
19 54 15
19 58 16
19 61 17
19 63 18
28 9 1
28 19 11
28 36 21
28 43 22
28 49 23
28 54 24
28 58 25
28 61 26
28 63 27
36 9 2
36 19 12
36 28 21
36 43 30
36 49 31
36 54 32
36 58 33
36 61 34
36 63 35
43 9 3
43 19 13
43 28 22
43 36 30
43 49 38
43 54 39
43 58 40
43 61 41
43 63 42
49 9 4
49 19 14
49 28 23
49 36 31
49 43 38
49 54 45
49 58 46
49 61 47
49 63 48
54 9 5
54 19 15
54 28 24
54 36 32
54 43 39
54 49 45
54 58 51
54 61 52
54 63 53
58 9 6
58 19 16
58 28 25
58 36 33
58 43 40
58 49 46
58 54 51
58 61 56
58 63 57
61 9 7
61 19 17
61 28 26
61 36 34
61 43 41
61 49 47
61 54 52
61 58 56
61 63 60
63 9 8
63 19 18
63 28 27
63 36 35
63 43 42
63 49 48
63 54 53
63 58 57
63 61 60
10 20 0
10 29 1
10 37 2
10 44 3
10 50 4
10 55 5
10 59 6
10 62 7
10 64 8
10 65 9
20 10 0
20 29 11
20 37 12
20 44 13
20 50 14
20 55 15
20 59 16
20 62 17
20 64 18
20 65 19
29 10 1
29 20 11
29 37 21
29 44 22
29 50 23
29 55 24
29 59 25
29 62 26
29 64 27
29 65 28
37 10 2
37 20 12
37 29 21
37 44 30
37 50 31
37 55 32
37 59 33
37 62 34
37 64 35
37 65 36
44 10 3
44 20 13
44 29 22
44 37 30
44 50 38
44 55 39
44 59 40
44 62 41
44 64 42
44 65 43
50 10 4
50 20 14
50 29 23
50 37 31
50 44 38
50 55 45
50 59 46
50 62 47
50 64 48
50 65 49
55 10 5
55 20 15
55 29 24
55 37 32
55 44 39
55 50 45
55 59 51
55 62 52
55 64 53
55 65 54
59 10 6
59 20 16
59 29 25
59 37 33
59 44 40
59 50 46
59 55 51
59 62 56
59 64 57
59 65 58
62 10 7
62 20 17
62 29 26
62 37 34
62 44 41
62 50 47
62 55 52
62 59 56
62 64 60
62 65 61
64 10 8
64 20 18
64 29 27
64 37 35
64 44 42
64 50 48
64 55 53
64 59 57
64 62 60
64 65 63
65 10 9
65 20 19
65 29 28
65 37 36
65 44 43
65 50 49
65 55 54
65 59 58
65 62 61
65 64 63
0 0 133
0 0 134
0 0 135
0 0 136
0 0 137
0 0 138
0 0 139
0 0 140
0 0 141
0 0 142
1 1 132
1 1 133
1 1 134
1 1 135
1 1 136
1 1 137
1 1 138
1 1 139
1 1 140
1 1 141
1 1 142
2 2 132
2 2 133
2 2 134
2 2 135
2 2 136
2 2 137
2 2 138
2 2 139
2 2 140
2 2 141
2 2 142
3 3 132
3 3 133
3 3 134
3 3 135
3 3 136
3 3 137
3 3 138
3 3 139
3 3 140
3 3 141
3 3 142
4 4 132
4 4 133
4 4 134
4 4 135
4 4 136
4 4 137
4 4 138
4 4 139
4 4 140
4 4 141
4 4 142
5 5 132
5 5 133
5 5 134
5 5 135
5 5 136
5 5 137
5 5 138
5 5 139
5 5 140
5 5 141
5 5 142
6 6 132
6 6 133
6 6 134
6 6 135
6 6 136
6 6 137
6 6 138
6 6 139
6 6 140
6 6 141
6 6 142
7 7 132
7 7 133
7 7 134
7 7 135
7 7 136
7 7 137
7 7 138
7 7 139
7 7 140
7 7 141
7 7 142
8 8 132
8 8 133
8 8 134
8 8 135
8 8 136
8 8 137
8 8 138
8 8 139
8 8 140
8 8 141
8 8 142
9 9 132
9 9 133
9 9 134
9 9 135
9 9 136
9 9 137
9 9 138
9 9 139
9 9 140
9 9 141
9 9 142
10 10 132
10 10 133
10 10 134
10 10 135
10 10 136
10 10 137
10 10 138
10 10 139
10 10 140
10 10 141
10 10 142
11 11 132
11 11 133
11 11 134
11 11 135
11 11 136
11 11 137
11 11 138
11 11 139
11 11 140
11 11 141
11 11 142
12 12 132
12 12 133
12 12 134
12 12 135
12 12 136
12 12 137
12 12 138
12 12 139
12 12 140
12 12 141
12 12 142
13 13 132
13 13 133
13 13 134
13 13 135
13 13 136
13 13 137
13 13 138
13 13 139
13 13 140
13 13 141
13 13 142
14 14 132
14 14 133
14 14 134
14 14 135
14 14 136
14 14 137
14 14 138
14 14 139
14 14 140
14 14 141
14 14 142
15 15 132
15 15 133
15 15 134
15 15 135
15 15 136
15 15 137
15 15 138
15 15 139
15 15 140
15 15 141
15 15 142
16 16 132
16 16 133
16 16 134
16 16 135
16 16 136
16 16 137
16 16 138
16 16 139
16 16 140
16 16 141
16 16 142
17 17 132
17 17 133
17 17 134
17 17 135
17 17 136
17 17 137
17 17 138
17 17 139
17 17 140
17 17 141
17 17 142
18 18 132
18 18 133
18 18 134
18 18 135
18 18 136
18 18 137
18 18 138
18 18 139
18 18 140
18 18 141
18 18 142
19 19 132
19 19 133
19 19 134
19 19 135
19 19 136
19 19 137
19 19 138
19 19 139
19 19 140
19 19 141
19 19 142
20 20 132
20 20 133
20 20 134
20 20 135
20 20 136
20 20 137
20 20 138
20 20 139
20 20 140
20 20 141
20 20 142
21 21 133
21 21 134
21 21 135
21 21 136
21 21 137
21 21 138
21 21 139
21 21 140
21 21 141
21 21 142
22 22 133
22 22 134
22 22 135
22 22 136
22 22 137
22 22 138
22 22 139
22 22 140
22 22 141
22 22 142
23 23 133
23 23 134
23 23 135
23 23 136
23 23 137
23 23 138
23 23 139
23 23 140
23 23 141
23 23 142
24 24 133
24 24 134
24 24 135
24 24 136
24 24 137
24 24 138
24 24 139
24 24 140
24 24 141
24 24 142
25 25 133
25 25 134
25 25 135
25 25 136
25 25 137
25 25 138
25 25 139
25 25 140
25 25 141
25 25 142
26 26 133
26 26 134
26 26 135
26 26 136
26 26 137
26 26 138
26 26 139
26 26 140
26 26 141
26 26 142
27 27 133
27 27 134
27 27 135
27 27 136
27 27 137
27 27 138
27 27 139
27 27 140
27 27 141
27 27 142
28 28 133
28 28 134
28 28 135
28 28 136
28 28 137
28 28 138
28 28 139
28 28 140
28 28 141
28 28 142
29 29 133
29 29 134
29 29 135
29 29 136
29 29 137
29 29 138
29 29 139
29 29 140
29 29 141
29 29 142
30 30 134
30 30 135
30 30 136
30 30 137
30 30 138
30 30 139
30 30 140
30 30 141
30 30 142
31 31 134
31 31 135
31 31 136
31 31 137
31 31 138
31 31 139
31 31 140
31 31 141
31 31 142
32 32 134
32 32 135
32 32 136
32 32 137
32 32 138
32 32 139
32 32 140
32 32 141
32 32 142
33 33 134
33 33 135
33 33 136
33 33 137
33 33 138
33 33 139
33 33 140
33 33 141
33 33 142
34 34 134
34 34 135
34 34 136
34 34 137
34 34 138
34 34 139
34 34 140
34 34 141
34 34 142
35 35 134
35 35 135
35 35 136
35 35 137
35 35 138
35 35 139
35 35 140
35 35 141
35 35 142
36 36 134
36 36 135
36 36 136
36 36 137
36 36 138
36 36 139
36 36 140
36 36 141
36 36 142
37 37 134
37 37 135
37 37 136
37 37 137
37 37 138
37 37 139
37 37 140
37 37 141
37 37 142
38 38 135
38 38 136
38 38 137
38 38 138
38 38 139
38 38 140
38 38 141
38 38 142
39 39 135
39 39 136
39 39 137
39 39 138
39 39 139
39 39 140
39 39 141
39 39 142
40 40 135
40 40 136
40 40 137
40 40 138
40 40 139
40 40 140
40 40 141
40 40 142
41 41 135
41 41 136
41 41 137
41 41 138
41 41 139
41 41 140
41 41 141
41 41 142
42 42 135
42 42 136
42 42 137
42 42 138
42 42 139
42 42 140
42 42 141
42 42 142
43 43 135
43 43 136
43 43 137
43 43 138
43 43 139
43 43 140
43 43 141
43 43 142
44 44 135
44 44 136
44 44 137
44 44 138
44 44 139
44 44 140
44 44 141
44 44 142
45 45 136
45 45 137
45 45 138
45 45 139
45 45 140
45 45 141
45 45 142
46 46 136
46 46 137
46 46 138
46 46 139
46 46 140
46 46 141
46 46 142
47 47 136
47 47 137
47 47 138
47 47 139
47 47 140
47 47 141
47 47 142
48 48 136
48 48 137
48 48 138
48 48 139
48 48 140
48 48 141
48 48 142
49 49 136
49 49 137
49 49 138
49 49 139
49 49 140
49 49 141
49 49 142
50 50 136
50 50 137
50 50 138
50 50 139
50 50 140
50 50 141
50 50 142
51 51 137
51 51 138
51 51 139
51 51 140
51 51 141
51 51 142
52 52 137
52 52 138
52 52 139
52 52 140
52 52 141
52 52 142
53 53 137
53 53 138
53 53 139
53 53 140
53 53 141
53 53 142
54 54 137
54 54 138
54 54 139
54 54 140
54 54 141
54 54 142
55 55 137
55 55 138
55 55 139
55 55 140
55 55 141
55 55 142
56 56 138
56 56 139
56 56 140
56 56 141
56 56 142
57 57 138
57 57 139
57 57 140
57 57 141
57 57 142
58 58 138
58 58 139
58 58 140
58 58 141
58 58 142
59 59 138
59 59 139
59 59 140
59 59 141
59 59 142
60 60 139
60 60 140
60 60 141
60 60 142
61 61 139
61 61 140
61 61 141
61 61 142
62 62 139
62 62 140
62 62 141
62 62 142
63 63 140
63 63 141
63 63 142
64 64 140
64 64 141
64 64 142
65 65 141
65 65 142
0 77 67
77 0 67
0 78 68
78 0 68
0 79 69
79 0 69
0 80 70
80 0 70
0 81 71
81 0 71
0 82 72
82 0 72
0 83 73
83 0 73
0 84 74
84 0 74
0 85 75
85 0 75
0 86 76
86 0 76
1 87 68
87 1 68
1 88 69
88 1 69
1 89 70
89 1 70
1 90 71
90 1 71
1 91 72
91 1 72
1 92 73
92 1 73
1 93 74
93 1 74
1 94 75
94 1 75
1 95 76
95 1 76
11 87 78
87 11 78
11 88 79
88 11 79
11 89 80
89 11 80
11 90 81
90 11 81
11 91 82
91 11 82
11 92 83
92 11 83
11 93 84
93 11 84
11 94 85
94 11 85
11 95 86
95 11 86
2 96 69
96 2 69
2 97 70
97 2 70
2 98 71
98 2 71
2 99 72
99 2 72
2 100 73
100 2 73
2 101 74
101 2 74
2 102 75
102 2 75
2 103 76
103 2 76
12 96 79
96 12 79
12 97 80
97 12 80
12 98 81
98 12 81
12 99 82
99 12 82
12 100 83
100 12 83
12 101 84
101 12 84
12 102 85
102 12 85
12 103 86
103 12 86
21 96 88
96 21 88
21 97 89
97 21 89
21 98 90
98 21 90
21 99 91
99 21 91
21 100 92
100 21 92
21 101 93
101 21 93
21 102 94
102 21 94
21 103 95
103 21 95
3 104 70
104 3 70
3 105 71
105 3 71
3 106 72
106 3 72
3 107 73
107 3 73
3 108 74
108 3 74
3 109 75
109 3 75
3 110 76
110 3 76
13 104 80
104 13 80
13 105 81
105 13 81
13 106 82
106 13 82
13 107 83
107 13 83
13 108 84
108 13 84
13 109 85
109 13 85
13 110 86
110 13 86
22 104 89
104 22 89
22 105 90
105 22 90
22 106 91
106 22 91
22 107 92
107 22 92
22 108 93
108 22 93
22 109 94
109 22 94
22 110 95
110 22 95
30 104 97
104 30 97
30 105 98
105 30 98
30 106 99
106 30 99
30 107 100
107 30 100
30 108 101
108 30 101
30 109 102
109 30 102
30 110 103
110 30 103
4 111 71
111 4 71
4 112 72
112 4 72
4 113 73
113 4 73
4 114 74
114 4 74
4 115 75
115 4 75
4 116 76
116 4 76
14 111 81
111 14 81
14 112 82
112 14 82
14 113 83
113 14 83
14 114 84
114 14 84
14 115 85
115 14 85
14 116 86
116 14 86
23 111 90
111 23 90
23 112 91
112 23 91
23 113 92
113 23 92
23 114 93
114 23 93
23 115 94
115 23 94
23 116 95
116 23 95
31 111 98
111 31 98
31 112 99
112 31 99
31 113 100
113 31 100
31 114 101
114 31 101
31 115 102
115 31 102
31 116 103
116 31 103
38 111 105
111 38 105
38 112 106
112 38 106
38 113 107
113 38 107
38 114 108
114 38 108
38 115 109
115 38 109
38 116 110
116 38 110
5 117 72
117 5 72
5 118 73
118 5 73
5 119 74
119 5 74
5 120 75
120 5 75
5 121 76
121 5 76
15 117 82
117 15 82
15 118 83
118 15 83
15 119 84
119 15 84
15 120 85
120 15 85
15 121 86
121 15 86
24 117 91
117 24 91
24 118 92
118 24 92
24 119 93
119 24 93
24 120 94
120 24 94
24 121 95
121 24 95
32 117 99
117 32 99
32 118 100
118 32 100
32 119 101
119 32 101
32 120 102
120 32 102
32 121 103
121 32 103
39 117 106
117 39 106
39 118 107
118 39 107
39 119 108
119 39 108
39 120 109
120 39 109
39 121 110
121 39 110
45 117 112
117 45 112
45 118 113
118 45 113
45 119 114
119 45 114
45 120 115
120 45 115
45 121 116
121 45 116
6 122 73
122 6 73
6 123 74
123 6 74
6 124 75
124 6 75
6 125 76
125 6 76
16 122 83
122 16 83
16 123 84
123 16 84
16 124 85
124 16 85
16 125 86
125 16 86
25 122 92
122 25 92
25 123 93
123 25 93
25 124 94
124 25 94
25 125 95
125 25 95
33 122 100
122 33 100
33 123 101
123 33 101
33 124 102
124 33 102
33 125 103
125 33 103
40 122 107
122 40 107
40 123 108
123 40 108
40 124 109
124 40 109
40 125 110
125 40 110
46 122 113
122 46 113
46 123 114
123 46 114
46 124 115
124 46 115
46 125 116
125 46 116
51 122 118
122 51 118
51 123 119
123 51 119
51 124 120
124 51 120
51 125 121
125 51 121
7 126 74
126 7 74
7 127 75
127 7 75
7 128 76
128 7 76
17 126 84
126 17 84
17 127 85
127 17 85
17 128 86
128 17 86
26 126 93
126 26 93
26 127 94
127 26 94
26 128 95
128 26 95
34 126 101
126 34 101
34 127 102
127 34 102
34 128 103
128 34 103
41 126 108
126 41 108
41 127 109
127 41 109
41 128 110
128 41 110
47 126 114
126 47 114
47 127 115
127 47 115
47 128 116
128 47 116
52 126 119
126 52 119
52 127 120
127 52 120
52 128 121
128 52 121
56 126 123
126 56 123
56 127 124
127 56 124
56 128 125
128 56 125
8 129 75
129 8 75
8 130 76
130 8 76
18 129 85
129 18 85
18 130 86
130 18 86
27 129 94
129 27 94
27 130 95
130 27 95
35 129 102
129 35 102
35 130 103
130 35 103
42 129 109
129 42 109
42 130 110
130 42 110
48 129 115
129 48 115
48 130 116
130 48 116
53 129 120
129 53 120
53 130 121
130 53 121
57 129 124
129 57 124
57 130 125
130 57 125
60 129 127
129 60 127
60 130 128
130 60 128
9 131 76
131 9 76
19 131 86
131 19 86
28 131 95
131 28 95
36 131 103
131 36 103
43 131 110
131 43 110
49 131 116
131 49 116
54 131 121
131 54 121
58 131 125
131 58 125
61 131 128
131 61 128
63 131 130
131 63 130
11 66 67
66 11 67
12 66 68
66 12 68
13 66 69
66 13 69
14 66 70
66 14 70
15 66 71
66 15 71
16 66 72
66 16 72
17 66 73
66 17 73
18 66 74
66 18 74
19 66 75
66 19 75
20 66 76
66 20 76
21 67 68
67 21 68
21 77 78
77 21 78
22 67 69
67 22 69
22 77 79
77 22 79
23 67 70
67 23 70
23 77 80
77 23 80
24 67 71
67 24 71
24 77 81
77 24 81
25 67 72
67 25 72
25 77 82
77 25 82
26 67 73
67 26 73
26 77 83
77 26 83
27 67 74
67 27 74
27 77 84
77 27 84
28 67 75
67 28 75
28 77 85
77 28 85
29 67 76
67 29 76
29 77 86
77 29 86
30 68 69
68 30 69
30 78 79
78 30 79
30 87 88
87 30 88
31 68 70
68 31 70
31 78 80
78 31 80
31 87 89
87 31 89
32 68 71
68 32 71
32 78 81
78 32 81
32 87 90
87 32 90
33 68 72
68 33 72
33 78 82
78 33 82
33 87 91
87 33 91
34 68 73
68 34 73
34 78 83
78 34 83
34 87 92
87 34 92
35 68 74
68 35 74
35 78 84
78 35 84
35 87 93
87 35 93
36 68 75
68 36 75
36 78 85
78 36 85
36 87 94
87 36 94
37 68 76
68 37 76
37 78 86
78 37 86
37 87 95
87 37 95
38 69 70
69 38 70
38 79 80
79 38 80
38 88 89
88 38 89
38 96 97
96 38 97
39 69 71
69 39 71
39 79 81
79 39 81
39 88 90
88 39 90
39 96 98
96 39 98
40 69 72
69 40 72
40 79 82
79 40 82
40 88 91
88 40 91
40 96 99
96 40 99
41 69 73
69 41 73
41 79 83
79 41 83
41 88 92
88 41 92
41 96 100
96 41 100
42 69 74
69 42 74
42 79 84
79 42 84
42 88 93
88 42 93
42 96 101
96 42 101
43 69 75
69 43 75
43 79 85
79 43 85
43 88 94
88 43 94
43 96 102
96 43 102
44 69 76
69 44 76
44 79 86
79 44 86
44 88 95
88 44 95
44 96 103
96 44 103
45 70 71
70 45 71
45 80 81
80 45 81
45 89 90
89 45 90
45 97 98
97 45 98
45 104 105
104 45 105
46 70 72
70 46 72
46 80 82
80 46 82
46 89 91
89 46 91
46 97 99
97 46 99
46 104 106
104 46 106
47 70 73
70 47 73
47 80 83
80 47 83
47 89 92
89 47 92
47 97 100
97 47 100
47 104 107
104 47 107
48 70 74
70 48 74
48 80 84
80 48 84
48 89 93
89 48 93
48 97 101
97 48 101
48 104 108
104 48 108
49 70 75
70 49 75
49 80 85
80 49 85
49 89 94
89 49 94
49 97 102
97 49 102
49 104 109
104 49 109
50 70 76
70 50 76
50 80 86
80 50 86
50 89 95
89 50 95
50 97 103
97 50 103
50 104 110
104 50 110
51 71 72
71 51 72
51 81 82
81 51 82
51 90 91
90 51 91
51 98 99
98 51 99
51 105 106
105 51 106
51 111 112
111 51 112
52 71 73
71 52 73
52 81 83
81 52 83
52 90 92
90 52 92
52 98 100
98 52 100
52 105 107
105 52 107
52 111 113
111 52 113
53 71 74
71 53 74
53 81 84
81 53 84
53 90 93
90 53 93
53 98 101
98 53 101
53 105 108
105 53 108
53 111 114
111 53 114
54 71 75
71 54 75
54 81 85
81 54 85
54 90 94
90 54 94
54 98 102
98 54 102
54 105 109
105 54 109
54 111 115
111 54 115
55 71 76
71 55 76
55 81 86
81 55 86
55 90 95
90 55 95
55 98 103
98 55 103
55 105 110
105 55 110
55 111 116
111 55 116
56 72 73
72 56 73
56 82 83
82 56 83
56 91 92
91 56 92
56 99 100
99 56 100
56 106 107
106 56 107
56 112 113
112 56 113
56 117 118
117 56 118
57 72 74
72 57 74
57 82 84
82 57 84
57 91 93
91 57 93
57 99 101
99 57 101
57 106 108
106 57 108
57 112 114
112 57 114
57 117 119
117 57 119
58 72 75
72 58 75
58 82 85
82 58 85
58 91 94
91 58 94
58 99 102
99 58 102
58 106 109
106 58 109
58 112 115
112 58 115
58 117 120
117 58 120
59 72 76
72 59 76
59 82 86
82 59 86
59 91 95
91 59 95
59 99 103
99 59 103
59 106 110
106 59 110
59 112 116
112 59 116
59 117 121
117 59 121
60 73 74
73 60 74
60 83 84
83 60 84
60 92 93
92 60 93
60 100 101
100 60 101
60 107 108
107 60 108
60 113 114
113 60 114
60 118 119
118 60 119
60 122 123
122 60 123
61 73 75
73 61 75
61 83 85
83 61 85
61 92 94
92 61 94
61 100 102
100 61 102
61 107 109
107 61 109
61 113 115
113 61 115
61 118 120
118 61 120
61 122 124
122 61 124
62 73 76
73 62 76
62 83 86
83 62 86
62 92 95
92 62 95
62 100 103
100 62 103
62 107 110
107 62 110
62 113 116
113 62 116
62 118 121
118 62 121
62 122 125
122 62 125
63 74 75
74 63 75
63 84 85
84 63 85
63 93 94
93 63 94
63 101 102
101 63 102
63 108 109
108 63 109
63 114 115
114 63 115
63 119 120
119 63 120
63 123 124
123 63 124
63 126 127
126 63 127
64 74 76
74 64 76
64 84 86
84 64 86
64 93 95
93 64 95
64 101 103
101 64 103
64 108 110
108 64 110
64 114 116
114 64 116
64 119 121
119 64 121
64 123 125
123 64 125
64 126 128
126 64 128
65 75 76
75 65 76
65 85 86
85 65 86
65 94 95
94 65 95
65 102 103
102 65 103
65 109 110
109 65 110
65 115 116
115 65 116
65 120 121
120 65 121
65 124 125
124 65 125
65 127 128
127 65 128
65 129 130
129 65 130
0 67 77
67 0 77
0 68 78
68 0 78
0 69 79
69 0 79
0 70 80
70 0 80
0 71 81
71 0 81
0 72 82
72 0 82
0 73 83
73 0 83
0 74 84
74 0 84
0 75 85
75 0 85
0 76 86
76 0 86
1 66 77
66 1 77
1 68 87
68 1 87
1 69 88
69 1 88
1 70 89
70 1 89
1 71 90
71 1 90
1 72 91
72 1 91
1 73 92
73 1 92
1 74 93
74 1 93
1 75 94
75 1 94
1 76 95
76 1 95
2 66 78
66 2 78
2 67 87
67 2 87
2 69 96
69 2 96
2 70 97
70 2 97
2 71 98
71 2 98
2 72 99
72 2 99
2 73 100
73 2 100
2 74 101
74 2 101
2 75 102
75 2 102
2 76 103
76 2 103
3 66 79
66 3 79
3 67 88
67 3 88
3 68 96
68 3 96
3 70 104
70 3 104
3 71 105
71 3 105
3 72 106
72 3 106
3 73 107
73 3 107
3 74 108
74 3 108
3 75 109
75 3 109
3 76 110
76 3 110
4 66 80
66 4 80
4 67 89
67 4 89
4 68 97
68 4 97
4 69 104
69 4 104
4 71 111
71 4 111
4 72 112
72 4 112
4 73 113
73 4 113
4 74 114
74 4 114
4 75 115
75 4 115
4 76 116
76 4 116
5 66 81
66 5 81
5 67 90
67 5 90
5 68 98
68 5 98
5 69 105
69 5 105
5 70 111
70 5 111
5 72 117
72 5 117
5 73 118
73 5 118
5 74 119
74 5 119
5 75 120
75 5 120
5 76 121
76 5 121
6 66 82
66 6 82
6 67 91
67 6 91
6 68 99
68 6 99
6 69 106
69 6 106
6 70 112
70 6 112
6 71 117
71 6 117
6 73 122
73 6 122
6 74 123
74 6 123
6 75 124
75 6 124
6 76 125
76 6 125
7 66 83
66 7 83
7 67 92
67 7 92
7 68 100
68 7 100
7 69 107
69 7 107
7 70 113
70 7 113
7 71 118
71 7 118
7 72 122
72 7 122
7 74 126
74 7 126
7 75 127
75 7 127
7 76 128
76 7 128
8 66 84
66 8 84
8 67 93
67 8 93
8 68 101
68 8 101
8 69 108
69 8 108
8 70 114
70 8 114
8 71 119
71 8 119
8 72 123
72 8 123
8 73 126
73 8 126
8 75 129
75 8 129
8 76 130
76 8 130
9 66 85
66 9 85
9 67 94
67 9 94
9 68 102
68 9 102
9 69 109
69 9 109
9 70 115
70 9 115
9 71 120
71 9 120
9 72 124
72 9 124
9 73 127
73 9 127
9 74 129
74 9 129
9 76 131
76 9 131
10 66 86
66 10 86
10 67 95
67 10 95
10 68 103
68 10 103
10 69 110
69 10 110
10 70 116
70 10 116
10 71 121
71 10 121
10 72 125
72 10 125
10 73 128
73 10 128
10 74 130
74 10 130
10 75 131
75 10 131
11 78 87
78 11 87
11 79 88
79 11 88
11 80 89
80 11 89
11 81 90
81 11 90
11 82 91
82 11 91
11 83 92
83 11 92
11 84 93
84 11 93
11 85 94
85 11 94
11 86 95
86 11 95
12 77 87
77 12 87
12 79 96
79 12 96
12 80 97
80 12 97
12 81 98
81 12 98
12 82 99
82 12 99
12 83 100
83 12 100
12 84 101
84 12 101
12 85 102
85 12 102
12 86 103
86 12 103
13 77 88
77 13 88
13 78 96
78 13 96
13 80 104
80 13 104
13 81 105
81 13 105
13 82 106
82 13 106
13 83 107
83 13 107
13 84 108
84 13 108
13 85 109
85 13 109
13 86 110
86 13 110
14 77 89
77 14 89
14 78 97
78 14 97
14 79 104
79 14 104
14 81 111
81 14 111
14 82 112
82 14 112
14 83 113
83 14 113
14 84 114
84 14 114
14 85 115
85 14 115
14 86 116
86 14 116
15 77 90
77 15 90
15 78 98
78 15 98
15 79 105
79 15 105
15 80 111
80 15 111
15 82 117
82 15 117
15 83 118
83 15 118
15 84 119
84 15 119
15 85 120
85 15 120
15 86 121
86 15 121
16 77 91
77 16 91
16 78 99
78 16 99
16 79 106
79 16 106
16 80 112
80 16 112
16 81 117
81 16 117
16 83 122
83 16 122
16 84 123
84 16 123
16 85 124
85 16 124
16 86 125
86 16 125
17 77 92
77 17 92
17 78 100
78 17 100
17 79 107
79 17 107
17 80 113
80 17 113
17 81 118
81 17 118
17 82 122
82 17 122
17 84 126
84 17 126
17 85 127
85 17 127
17 86 128
86 17 128
18 77 93
77 18 93
18 78 101
78 18 101
18 79 108
79 18 108
18 80 114
80 18 114
18 81 119
81 18 119
18 82 123
82 18 123
18 83 126
83 18 126
18 85 129
85 18 129
18 86 130
86 18 130
19 77 94
77 19 94
19 78 102
78 19 102
19 79 109
79 19 109
19 80 115
80 19 115
19 81 120
81 19 120
19 82 124
82 19 124
19 83 127
83 19 127
19 84 129
84 19 129
19 86 131
86 19 131
20 77 95
77 20 95
20 78 103
78 20 103
20 79 110
79 20 110
20 80 116
80 20 116
20 81 121
81 20 121
20 82 125
82 20 125
20 83 128
83 20 128
20 84 130
84 20 130
20 85 131
85 20 131
21 88 96
88 21 96
21 89 97
89 21 97
21 90 98
90 21 98
21 91 99
91 21 99
21 92 100
92 21 100
21 93 101
93 21 101
21 94 102
94 21 102
21 95 103
95 21 103
22 87 96
87 22 96
22 89 104
89 22 104
22 90 105
90 22 105
22 91 106
91 22 106
22 92 107
92 22 107
22 93 108
93 22 108
22 94 109
94 22 109
22 95 110
95 22 110
23 87 97
87 23 97
23 88 104
88 23 104
23 90 111
90 23 111
23 91 112
91 23 112
23 92 113
92 23 113
23 93 114
93 23 114
23 94 115
94 23 115
23 95 116
95 23 116
24 87 98
87 24 98
24 88 105
88 24 105
24 89 111
89 24 111
24 91 117
91 24 117
24 92 118
92 24 118
24 93 119
93 24 119
24 94 120
94 24 120
24 95 121
95 24 121
25 87 99
87 25 99
25 88 106
88 25 106
25 89 112
89 25 112
25 90 117
90 25 117
25 92 122
92 25 122
25 93 123
93 25 123
25 94 124
94 25 124
25 95 125
95 25 125
26 87 100
87 26 100
26 88 107
88 26 107
26 89 113
89 26 113
26 90 118
90 26 118
26 91 122
91 26 122
26 93 126
93 26 126
26 94 127
94 26 127
26 95 128
95 26 128
27 87 101
87 27 101
27 88 108
88 27 108
27 89 114
89 27 114
27 90 119
90 27 119
27 91 123
91 27 123
27 92 126
92 27 126
27 94 129
94 27 129
27 95 130
95 27 130
28 87 102
87 28 102
28 88 109
88 28 109
28 89 115
89 28 115
28 90 120
90 28 120
28 91 124
91 28 124
28 92 127
92 28 127
28 93 129
93 28 129
28 95 131
95 28 131
29 87 103
87 29 103
29 88 110
88 29 110
29 89 116
89 29 116
29 90 121
90 29 121
29 91 125
91 29 125
29 92 128
92 29 128
29 93 130
93 29 130
29 94 131
94 29 131
30 97 104
97 30 104
30 98 105
98 30 105
30 99 106
99 30 106
30 100 107
100 30 107
30 101 108
101 30 108
30 102 109
102 30 109
30 103 110
103 30 110
31 96 104
96 31 104
31 98 111
98 31 111
31 99 112
99 31 112
31 100 113
100 31 113
31 101 114
101 31 114
31 102 115
102 31 115
31 103 116
103 31 116
32 96 105
96 32 105
32 97 111
97 32 111
32 99 117
99 32 117
32 100 118
100 32 118
32 101 119
101 32 119
32 102 120
102 32 120
32 103 121
103 32 121
33 96 106
96 33 106
33 97 112
97 33 112
33 98 117
98 33 117
33 100 122
100 33 122
33 101 123
101 33 123
33 102 124
102 33 124
33 103 125
103 33 125
34 96 107
96 34 107
34 97 113
97 34 113
34 98 118
98 34 118
34 99 122
99 34 122
34 101 126
101 34 126
34 102 127
102 34 127
34 103 128
103 34 128
35 96 108
96 35 108
35 97 114
97 35 114
35 98 119
98 35 119
35 99 123
99 35 123
35 100 126
100 35 126
35 102 129
102 35 129
35 103 130
103 35 130
36 96 109
96 36 109
36 97 115
97 36 115
36 98 120
98 36 120
36 99 124
99 36 124
36 100 127
100 36 127
36 101 129
101 36 129
36 103 131
103 36 131
37 96 110
96 37 110
37 97 116
97 37 116
37 98 121
98 37 121
37 99 125
99 37 125
37 100 128
100 37 128
37 101 130
101 37 130
37 102 131
102 37 131
38 105 111
105 38 111
38 106 112
106 38 112
38 107 113
107 38 113
38 108 114
108 38 114
38 109 115
109 38 115
38 110 116
110 38 116
39 104 111
104 39 111
39 106 117
106 39 117
39 107 118
107 39 118
39 108 119
108 39 119
39 109 120
109 39 120
39 110 121
110 39 121
40 104 112
104 40 112
40 105 117
105 40 117
40 107 122
107 40 122
40 108 123
108 40 123
40 109 124
109 40 124
40 110 125
110 40 125
41 104 113
104 41 113
41 105 118
105 41 118
41 106 122
106 41 122
41 108 126
108 41 126
41 109 127
109 41 127
41 110 128
110 41 128
42 104 114
104 42 114
42 105 119
105 42 119
42 106 123
106 42 123
42 107 126
107 42 126
42 109 129
109 42 129
42 110 130
110 42 130
43 104 115
104 43 115
43 105 120
105 43 120
43 106 124
106 43 124
43 107 127
107 43 127
43 108 129
108 43 129
43 110 131
110 43 131
44 104 116
104 44 116
44 105 121
105 44 121
44 106 125
106 44 125
44 107 128
107 44 128
44 108 130
108 44 130
44 109 131
109 44 131
45 112 117
112 45 117
45 113 118
113 45 118
45 114 119
114 45 119
45 115 120
115 45 120
45 116 121
116 45 121
46 111 117
111 46 117
46 113 122
113 46 122
46 114 123
114 46 123
46 115 124
115 46 124
46 116 125
116 46 125
47 111 118
111 47 118
47 112 122
112 47 122
47 114 126
114 47 126
47 115 127
115 47 127
47 116 128
116 47 128
48 111 119
111 48 119
48 112 123
112 48 123
48 113 126
113 48 126
48 115 129
115 48 129
48 116 130
116 48 130
49 111 120
111 49 120
49 112 124
112 49 124
49 113 127
113 49 127
49 114 129
114 49 129
49 116 131
116 49 131
50 111 121
111 50 121
50 112 125
112 50 125
50 113 128
113 50 128
50 114 130
114 50 130
50 115 131
115 50 131
51 118 122
118 51 122
51 119 123
119 51 123
51 120 124
120 51 124
51 121 125
121 51 125
52 117 122
117 52 122
52 119 126
119 52 126
52 120 127
120 52 127
52 121 128
121 52 128
53 117 123
117 53 123
53 118 126
118 53 126
53 120 129
120 53 129
53 121 130
121 53 130
54 117 124
117 54 124
54 118 127
118 54 127
54 119 129
119 54 129
54 121 131
121 54 131
55 117 125
117 55 125
55 118 128
118 55 128
55 119 130
119 55 130
55 120 131
120 55 131
56 123 126
123 56 126
56 124 127
124 56 127
56 125 128
125 56 128
57 122 126
122 57 126
57 124 129
124 57 129
57 125 130
125 57 130
58 122 127
122 58 127
58 123 129
123 58 129
58 125 131
125 58 131
59 122 128
122 59 128
59 123 130
123 59 130
59 124 131
124 59 131
60 127 129
127 60 129
60 128 130
128 60 130
61 126 129
126 61 129
61 128 131
128 61 131
62 126 130
126 62 130
62 127 131
127 62 131
63 130 131
130 63 131
64 129 131
129 64 131
1 77 66
77 1 66
11 67 66
67 11 66
2 78 66
78 2 66
2 87 67
87 2 67
12 68 66
68 12 66
12 87 77
87 12 77
21 68 67
68 21 67
21 78 77
78 21 77
3 79 66
79 3 66
3 88 67
88 3 67
3 96 68
96 3 68
13 69 66
69 13 66
13 88 77
88 13 77
13 96 78
96 13 78
22 69 67
69 22 67
22 79 77
79 22 77
22 96 87
96 22 87
30 69 68
69 30 68
30 79 78
79 30 78
30 88 87
88 30 87
4 80 66
80 4 66
4 89 67
89 4 67
4 97 68
97 4 68
4 104 69
104 4 69
14 70 66
70 14 66
14 89 77
89 14 77
14 97 78
97 14 78
14 104 79
104 14 79
23 70 67
70 23 67
23 80 77
80 23 77
23 97 87
97 23 87
23 104 88
104 23 88
31 70 68
70 31 68
31 80 78
80 31 78
31 89 87
89 31 87
31 104 96
104 31 96
38 70 69
70 38 69
38 80 79
80 38 79
38 89 88
89 38 88
38 97 96
97 38 96
5 81 66
81 5 66
5 90 67
90 5 67
5 98 68
98 5 68
5 105 69
105 5 69
5 111 70
111 5 70
15 71 66
71 15 66
15 90 77
90 15 77
15 98 78
98 15 78
15 105 79
105 15 79
15 111 80
111 15 80
24 71 67
71 24 67
24 81 77
81 24 77
24 98 87
98 24 87
24 105 88
105 24 88
24 111 89
111 24 89
32 71 68
71 32 68
32 81 78
81 32 78
32 90 87
90 32 87
32 105 96
105 32 96
32 111 97
111 32 97
39 71 69
71 39 69
39 81 79
81 39 79
39 90 88
90 39 88
39 98 96
98 39 96
39 111 104
111 39 104
45 71 70
71 45 70
45 81 80
81 45 80
45 90 89
90 45 89
45 98 97
98 45 97
45 105 104
105 45 104
6 82 66
82 6 66
6 91 67
91 6 67
6 99 68
99 6 68
6 106 69
106 6 69
6 112 70
112 6 70
6 117 71
117 6 71
16 72 66
72 16 66
16 91 77
91 16 77
16 99 78
99 16 78
16 106 79
106 16 79
16 112 80
112 16 80
16 117 81
117 16 81
25 72 67
72 25 67
25 82 77
82 25 77
25 99 87
99 25 87
25 106 88
106 25 88
25 112 89
112 25 89
25 117 90
117 25 90
33 72 68
72 33 68
33 82 78
82 33 78
33 91 87
91 33 87
33 106 96
106 33 96
33 112 97
112 33 97
33 117 98
117 33 98
40 72 69
72 40 69
40 82 79
82 40 79
40 91 88
91 40 88
40 99 96
99 40 96
40 112 104
112 40 104
40 117 105
117 40 105
46 72 70
72 46 70
46 82 80
82 46 80
46 91 89
91 46 89
46 99 97
99 46 97
46 106 104
106 46 104
46 117 111
117 46 111
51 72 71
72 51 71
51 82 81
82 51 81
51 91 90
91 51 90
51 99 98
99 51 98
51 106 105
106 51 105
51 112 111
112 51 111
7 83 66
83 7 66
7 92 67
92 7 67
7 100 68
100 7 68
7 107 69
107 7 69
7 113 70
113 7 70
7 118 71
118 7 71
7 122 72
122 7 72
17 73 66
73 17 66
17 92 77
92 17 77
17 100 78
100 17 78
17 107 79
107 17 79
17 113 80
113 17 80
17 118 81
118 17 81
17 122 82
122 17 82
26 73 67
73 26 67
26 83 77
83 26 77
26 100 87
100 26 87
26 107 88
107 26 88
26 113 89
113 26 89
26 118 90
118 26 90
26 122 91
122 26 91
34 73 68
73 34 68
34 83 78
83 34 78
34 92 87
92 34 87
34 107 96
107 34 96
34 113 97
113 34 97
34 118 98
118 34 98
34 122 99
122 34 99
41 73 69
73 41 69
41 83 79
83 41 79
41 92 88
92 41 88
41 100 96
100 41 96
41 113 104
113 41 104
41 118 105
118 41 105
41 122 106
122 41 106
47 73 70
73 47 70
47 83 80
83 47 80
47 92 89
92 47 89
47 100 97
100 47 97
47 107 104
107 47 104
47 118 111
118 47 111
47 122 112
122 47 112
52 73 71
73 52 71
52 83 81
83 52 81
52 92 90
92 52 90
52 100 98
100 52 98
52 107 105
107 52 105
52 113 111
113 52 111
52 122 117
122 52 117
56 73 72
73 56 72
56 83 82
83 56 82
56 92 91
92 56 91
56 100 99
100 56 99
56 107 106
107 56 106
56 113 112
113 56 112
56 118 117
118 56 117
8 84 66
84 8 66
8 93 67
93 8 67
8 101 68
101 8 68
8 108 69
108 8 69
8 114 70
114 8 70
8 119 71
119 8 71
8 123 72
123 8 72
8 126 73
126 8 73
18 74 66
74 18 66
18 93 77
93 18 77
18 101 78
101 18 78
18 108 79
108 18 79
18 114 80
114 18 80
18 119 81
119 18 81
18 123 82
123 18 82
18 126 83
126 18 83
27 74 67
74 27 67
27 84 77
84 27 77
27 101 87
101 27 87
27 108 88
108 27 88
27 114 89
114 27 89
27 119 90
119 27 90
27 123 91
123 27 91
27 126 92
126 27 92
35 74 68
74 35 68
35 84 78
84 35 78
35 93 87
93 35 87
35 108 96
108 35 96
35 114 97
114 35 97
35 119 98
119 35 98
35 123 99
123 35 99
35 126 100
126 35 100
42 74 69
74 42 69
42 84 79
84 42 79
42 93 88
93 42 88
42 101 96
101 42 96
42 114 104
114 42 104
42 119 105
119 42 105
42 123 106
123 42 106
42 126 107
126 42 107
48 74 70
74 48 70
48 84 80
84 48 80
48 93 89
93 48 89
48 101 97
101 48 97
48 108 104
108 48 104
48 119 111
119 48 111
48 123 112
123 48 112
48 126 113
126 48 113
53 74 71
74 53 71
53 84 81
84 53 81
53 93 90
93 53 90
53 101 98
101 53 98
53 108 105
108 53 105
53 114 111
114 53 111
53 123 117
123 53 117
53 126 118
126 53 118
57 74 72
74 57 72
57 84 82
84 57 82
57 93 91
93 57 91
57 101 99
101 57 99
57 108 106
108 57 106
57 114 112
114 57 112
57 119 117
119 57 117
57 126 122
126 57 122
60 74 73
74 60 73
60 84 83
84 60 83
60 93 92
93 60 92
60 101 100
101 60 100
60 108 107
108 60 107
60 114 113
114 60 113
60 119 118
119 60 118
60 123 122
123 60 122
9 85 66
85 9 66
9 94 67
94 9 67
9 102 68
102 9 68
9 109 69
109 9 69
9 115 70
115 9 70
9 120 71
120 9 71
9 124 72
124 9 72
9 127 73
127 9 73
9 129 74
129 9 74
19 75 66
75 19 66
19 94 77
94 19 77
19 102 78
102 19 78
19 109 79
109 19 79
19 115 80
115 19 80
19 120 81
120 19 81
19 124 82
124 19 82
19 127 83
127 19 83
19 129 84
129 19 84
28 75 67
75 28 67
28 85 77
85 28 77
28 102 87
102 28 87
28 109 88
109 28 88
28 115 89
115 28 89
28 120 90
120 28 90
28 124 91
124 28 91
28 127 92
127 28 92
28 129 93
129 28 93
36 75 68
75 36 68
36 85 78
85 36 78
36 94 87
94 36 87
36 109 96
109 36 96
36 115 97
115 36 97
36 120 98
120 36 98
36 124 99
124 36 99
36 127 100
127 36 100
36 129 101
129 36 101
43 75 69
75 43 69
43 85 79
85 43 79
43 94 88
94 43 88
43 102 96
102 43 96
43 115 104
115 43 104
43 120 105
120 43 105
43 124 106
124 43 106
43 127 107
127 43 107
43 129 108
129 43 108
49 75 70
75 49 70
49 85 80
85 49 80
49 94 89
94 49 89
49 102 97
102 49 97
49 109 104
109 49 104
49 120 111
120 49 111
49 124 112
124 49 112
49 127 113
127 49 113
49 129 114
129 49 114
54 75 71
75 54 71
54 85 81
85 54 81
54 94 90
94 54 90
54 102 98
102 54 98
54 109 105
109 54 105
54 115 111
115 54 111
54 124 117
124 54 117
54 127 118
127 54 118
54 129 119
129 54 119
58 75 72
75 58 72
58 85 82
85 58 82
58 94 91
94 58 91
58 102 99
102 58 99
58 109 106
109 58 106
58 115 112
115 58 112
58 120 117
120 58 117
58 127 122
127 58 122
58 129 123
129 58 123
61 75 73
75 61 73
61 85 83
85 61 83
61 94 92
94 61 92
61 102 100
102 61 100
61 109 107
109 61 107
61 115 113
115 61 113
61 120 118
120 61 118
61 124 122
124 61 122
61 129 126
129 61 126
63 75 74
75 63 74
63 85 84
85 63 84
63 94 93
94 63 93
63 102 101
102 63 101
63 109 108
109 63 108
63 115 114
115 63 114
63 120 119
120 63 119
63 124 123
124 63 123
63 127 126
127 63 126
10 86 66
86 10 66
10 95 67
95 10 67
10 103 68
103 10 68
10 110 69
110 10 69
10 116 70
116 10 70
10 121 71
121 10 71
10 125 72
125 10 72
10 128 73
128 10 73
10 130 74
130 10 74
10 131 75
131 10 75
20 76 66
76 20 66
20 95 77
95 20 77
20 103 78
103 20 78
20 110 79
110 20 79
20 116 80
116 20 80
20 121 81
121 20 81
20 125 82
125 20 82
20 128 83
128 20 83
20 130 84
130 20 84
20 131 85
131 20 85
29 76 67
76 29 67
29 86 77
86 29 77
29 103 87
103 29 87
29 110 88
110 29 88
29 116 89
116 29 89
29 121 90
121 29 90
29 125 91
125 29 91
29 128 92
128 29 92
29 130 93
130 29 93
29 131 94
131 29 94
37 76 68
76 37 68
37 86 78
86 37 78
37 95 87
95 37 87
37 110 96
110 37 96
37 116 97
116 37 97
37 121 98
121 37 98
37 125 99
125 37 99
37 128 100
128 37 100
37 130 101
130 37 101
37 131 102
131 37 102
44 76 69
76 44 69
44 86 79
86 44 79
44 95 88
95 44 88
44 103 96
103 44 96
44 116 104
116 44 104
44 121 105
121 44 105
44 125 106
125 44 106
44 128 107
128 44 107
44 130 108
130 44 108
44 131 109
131 44 109
50 76 70
76 50 70
50 86 80
86 50 80
50 95 89
95 50 89
50 103 97
103 50 97
50 110 104
110 50 104
50 121 111
121 50 111
50 125 112
125 50 112
50 128 113
128 50 113
50 130 114
130 50 114
50 131 115
131 50 115
55 76 71
76 55 71
55 86 81
86 55 81
55 95 90
95 55 90
55 103 98
103 55 98
55 110 105
110 55 105
55 116 111
116 55 111
55 125 117
125 55 117
55 128 118
128 55 118
55 130 119
130 55 119
55 131 120
131 55 120
59 76 72
76 59 72
59 86 82
86 59 82
59 95 91
95 59 91
59 103 99
103 59 99
59 110 106
110 59 106
59 116 112
116 59 112
59 121 117
121 59 117
59 128 122
128 59 122
59 130 123
130 59 123
59 131 124
131 59 124
62 76 73
76 62 73
62 86 83
86 62 83
62 95 92
95 62 92
62 103 100
103 62 100
62 110 107
110 62 107
62 116 113
116 62 113
62 121 118
121 62 118
62 125 122
125 62 122
62 130 126
130 62 126
62 131 127
131 62 127
64 76 74
76 64 74
64 86 84
86 64 84
64 95 93
95 64 93
64 103 101
103 64 101
64 110 108
110 64 108
64 116 114
116 64 114
64 121 119
121 64 119
64 125 123
125 64 123
64 128 126
128 64 126
64 131 129
131 64 129
65 76 75
76 65 75
65 86 85
86 65 85
65 95 94
95 65 94
65 103 102
103 65 102
65 110 109
110 65 109
65 116 115
116 65 115
65 121 120
121 65 120
65 125 124
125 65 124
65 128 127
128 65 127
65 130 129
130 65 129
1 132 1
132 1 1
2 132 2
132 2 2
3 132 3
132 3 3
4 132 4
132 4 4
5 132 5
132 5 5
6 132 6
132 6 6
7 132 7
132 7 7
8 132 8
132 8 8
9 132 9
132 9 9
10 132 10
132 10 10
11 132 11
132 11 11
12 132 12
132 12 12
13 132 13
132 13 13
14 132 14
132 14 14
15 132 15
132 15 15
16 132 16
132 16 16
17 132 17
132 17 17
18 132 18
132 18 18
19 132 19
132 19 19
20 132 20
132 20 20
0 133 0
133 0 0
1 133 1
133 1 1
11 133 11
133 11 11
2 133 2
133 2 2
3 133 3
133 3 3
4 133 4
133 4 4
5 133 5
133 5 5
6 133 6
133 6 6
7 133 7
133 7 7
8 133 8
133 8 8
9 133 9
133 9 9
10 133 10
133 10 10
12 133 12
133 12 12
13 133 13
133 13 13
14 133 14
133 14 14
15 133 15
133 15 15
16 133 16
133 16 16
17 133 17
133 17 17
18 133 18
133 18 18
19 133 19
133 19 19
20 133 20
133 20 20
21 133 21
133 21 21
22 133 22
133 22 22
23 133 23
133 23 23
24 133 24
133 24 24
25 133 25
133 25 25
26 133 26
133 26 26
27 133 27
133 27 27
28 133 28
133 28 28
29 133 29
133 29 29
0 134 0
134 0 0
1 134 1
134 1 1
11 134 11
134 11 11
2 134 2
134 2 2
12 134 12
134 12 12
21 134 21
134 21 21
3 134 3
134 3 3
4 134 4
134 4 4
5 134 5
134 5 5
6 134 6
134 6 6
7 134 7
134 7 7
8 134 8
134 8 8
9 134 9
134 9 9
10 134 10
134 10 10
13 134 13
134 13 13
14 134 14
134 14 14
15 134 15
134 15 15
16 134 16
134 16 16
17 134 17
134 17 17
18 134 18
134 18 18
19 134 19
134 19 19
20 134 20
134 20 20
22 134 22
134 22 22
23 134 23
134 23 23
24 134 24
134 24 24
25 134 25
134 25 25
26 134 26
134 26 26
27 134 27
134 27 27
28 134 28
134 28 28
29 134 29
134 29 29
30 134 30
134 30 30
31 134 31
134 31 31
32 134 32
134 32 32
33 134 33
134 33 33
34 134 34
134 34 34
35 134 35
134 35 35
36 134 36
134 36 36
37 134 37
134 37 37
0 135 0
135 0 0
1 135 1
135 1 1
11 135 11
135 11 11
2 135 2
135 2 2
12 135 12
135 12 12
21 135 21
135 21 21
3 135 3
135 3 3
13 135 13
135 13 13
22 135 22
135 22 22
30 135 30
135 30 30
4 135 4
135 4 4
5 135 5
135 5 5
6 135 6
135 6 6
7 135 7
135 7 7
8 135 8
135 8 8
9 135 9
135 9 9
10 135 10
135 10 10
14 135 14
135 14 14
15 135 15
135 15 15
16 135 16
135 16 16
17 135 17
135 17 17
18 135 18
135 18 18
19 135 19
135 19 19
20 135 20
135 20 20
23 135 23
135 23 23
24 135 24
135 24 24
25 135 25
135 25 25
26 135 26
135 26 26
27 135 27
135 27 27
28 135 28
135 28 28
29 135 29
135 29 29
31 135 31
135 31 31
32 135 32
135 32 32
33 135 33
135 33 33
34 135 34
135 34 34
35 135 35
135 35 35
36 135 36
135 36 36
37 135 37
135 37 37
38 135 38
135 38 38
39 135 39
135 39 39
40 135 40
135 40 40
41 135 41
135 41 41
42 135 42
135 42 42
43 135 43
135 43 43
44 135 44
135 44 44
0 136 0
136 0 0
1 136 1
136 1 1
11 136 11
136 11 11
2 136 2
136 2 2
12 136 12
136 12 12
21 136 21
136 21 21
3 136 3
136 3 3
13 136 13
136 13 13
22 136 22
136 22 22
30 136 30
136 30 30
4 136 4
136 4 4
14 136 14
136 14 14
23 136 23
136 23 23
31 136 31
136 31 31
38 136 38
136 38 38
5 136 5
136 5 5
6 136 6
136 6 6
7 136 7
136 7 7
8 136 8
136 8 8
9 136 9
136 9 9
10 136 10
136 10 10
15 136 15
136 15 15
16 136 16
136 16 16
17 136 17
136 17 17
18 136 18
136 18 18
19 136 19
136 19 19
20 136 20
136 20 20
24 136 24
136 24 24
25 136 25
136 25 25
26 136 26
136 26 26
27 136 27
136 27 27
28 136 28
136 28 28
29 136 29
136 29 29
32 136 32
136 32 32
33 136 33
136 33 33
34 136 34
136 34 34
35 136 35
136 35 35
36 136 36
136 36 36
37 136 37
136 37 37
39 136 39
136 39 39
40 136 40
136 40 40
41 136 41
136 41 41
42 136 42
136 42 42
43 136 43
136 43 43
44 136 44
136 44 44
45 136 45
136 45 45
46 136 46
136 46 46
47 136 47
136 47 47
48 136 48
136 48 48
49 136 49
136 49 49
50 136 50
136 50 50
0 137 0
137 0 0
1 137 1
137 1 1
11 137 11
137 11 11
2 137 2
137 2 2
12 137 12
137 12 12
21 137 21
137 21 21
3 137 3
137 3 3
13 137 13
137 13 13
22 137 22
137 22 22
30 137 30
137 30 30
4 137 4
137 4 4
14 137 14
137 14 14
23 137 23
137 23 23
31 137 31
137 31 31
38 137 38
137 38 38
5 137 5
137 5 5
15 137 15
137 15 15
24 137 24
137 24 24
32 137 32
137 32 32
39 137 39
137 39 39
45 137 45
137 45 45
6 137 6
137 6 6
7 137 7
137 7 7
8 137 8
137 8 8
9 137 9
137 9 9
10 137 10
137 10 10
16 137 16
137 16 16
17 137 17
137 17 17
18 137 18
137 18 18
19 137 19
137 19 19
20 137 20
137 20 20
25 137 25
137 25 25
26 137 26
137 26 26
27 137 27
137 27 27
28 137 28
137 28 28
29 137 29
137 29 29
33 137 33
137 33 33
34 137 34
137 34 34
35 137 35
137 35 35
36 137 36
137 36 36
37 137 37
137 37 37
40 137 40
137 40 40
41 137 41
137 41 41
42 137 42
137 42 42
43 137 43
137 43 43
44 137 44
137 44 44
46 137 46
137 46 46
47 137 47
137 47 47
48 137 48
137 48 48
49 137 49
137 49 49
50 137 50
137 50 50
51 137 51
137 51 51
52 137 52
137 52 52
53 137 53
137 53 53
54 137 54
137 54 54
55 137 55
137 55 55
0 138 0
138 0 0
1 138 1
138 1 1
11 138 11
138 11 11
2 138 2
138 2 2
12 138 12
138 12 12
21 138 21
138 21 21
3 138 3
138 3 3
13 138 13
138 13 13
22 138 22
138 22 22
30 138 30
138 30 30
4 138 4
138 4 4
14 138 14
138 14 14
23 138 23
138 23 23
31 138 31
138 31 31
38 138 38
138 38 38
5 138 5
138 5 5
15 138 15
138 15 15
24 138 24
138 24 24
32 138 32
138 32 32
39 138 39
138 39 39
45 138 45
138 45 45
6 138 6
138 6 6
16 138 16
138 16 16
25 138 25
138 25 25
33 138 33
138 33 33
40 138 40
138 40 40
46 138 46
138 46 46
51 138 51
138 51 51
7 138 7
138 7 7
8 138 8
138 8 8
9 138 9
138 9 9
10 138 10
138 10 10
17 138 17
138 17 17
18 138 18
138 18 18
19 138 19
138 19 19
20 138 20
138 20 20
26 138 26
138 26 26
27 138 27
138 27 27
28 138 28
138 28 28
29 138 29
138 29 29
34 138 34
138 34 34
35 138 35
138 35 35
36 138 36
138 36 36
37 138 37
138 37 37
41 138 41
138 41 41
42 138 42
138 42 42
43 138 43
138 43 43
44 138 44
138 44 44
47 138 47
138 47 47
48 138 48
138 48 48
49 138 49
138 49 49
50 138 50
138 50 50
52 138 52
138 52 52
53 138 53
138 53 53
54 138 54
138 54 54
55 138 55
138 55 55
56 138 56
138 56 56
57 138 57
138 57 57
58 138 58
138 58 58
59 138 59
138 59 59
0 139 0
139 0 0
1 139 1
139 1 1
11 139 11
139 11 11
2 139 2
139 2 2
12 139 12
139 12 12
21 139 21
139 21 21
3 139 3
139 3 3
13 139 13
139 13 13
22 139 22
139 22 22
30 139 30
139 30 30
4 139 4
139 4 4
14 139 14
139 14 14
23 139 23
139 23 23
31 139 31
139 31 31
38 139 38
139 38 38
5 139 5
139 5 5
15 139 15
139 15 15
24 139 24
139 24 24
32 139 32
139 32 32
39 139 39
139 39 39
45 139 45
139 45 45
6 139 6
139 6 6
16 139 16
139 16 16
25 139 25
139 25 25
33 139 33
139 33 33
40 139 40
139 40 40
46 139 46
139 46 46
51 139 51
139 51 51
7 139 7
139 7 7
17 139 17
139 17 17
26 139 26
139 26 26
34 139 34
139 34 34
41 139 41
139 41 41
47 139 47
139 47 47
52 139 52
139 52 52
56 139 56
139 56 56
8 139 8
139 8 8
9 139 9
139 9 9
10 139 10
139 10 10
18 139 18
139 18 18
19 139 19
139 19 19
20 139 20
139 20 20
27 139 27
139 27 27
28 139 28
139 28 28
29 139 29
139 29 29
35 139 35
139 35 35
36 139 36
139 36 36
37 139 37
139 37 37
42 139 42
139 42 42
43 139 43
139 43 43
44 139 44
139 44 44
48 139 48
139 48 48
49 139 49
139 49 49
50 139 50
139 50 50
53 139 53
139 53 53
54 139 54
139 54 54
55 139 55
139 55 55
57 139 57
139 57 57
58 139 58
139 58 58
59 139 59
139 59 59
60 139 60
139 60 60
61 139 61
139 61 61
62 139 62
139 62 62
0 140 0
140 0 0
1 140 1
140 1 1
11 140 11
140 11 11
2 140 2
140 2 2
12 140 12
140 12 12
21 140 21
140 21 21
3 140 3
140 3 3
13 140 13
140 13 13
22 140 22
140 22 22
30 140 30
140 30 30
4 140 4
140 4 4
14 140 14
140 14 14
23 140 23
140 23 23
31 140 31
140 31 31
38 140 38
140 38 38
5 140 5
140 5 5
15 140 15
140 15 15
24 140 24
140 24 24
32 140 32
140 32 32
39 140 39
140 39 39
45 140 45
140 45 45
6 140 6
140 6 6
16 140 16
140 16 16
25 140 25
140 25 25
33 140 33
140 33 33
40 140 40
140 40 40
46 140 46
140 46 46
51 140 51
140 51 51
7 140 7
140 7 7
17 140 17
140 17 17
26 140 26
140 26 26
34 140 34
140 34 34
41 140 41
140 41 41
47 140 47
140 47 47
52 140 52
140 52 52
56 140 56
140 56 56
8 140 8
140 8 8
18 140 18
140 18 18
27 140 27
140 27 27
35 140 35
140 35 35
42 140 42
140 42 42
48 140 48
140 48 48
53 140 53
140 53 53
57 140 57
140 57 57
60 140 60
140 60 60
9 140 9
140 9 9
10 140 10
140 10 10
19 140 19
140 19 19
20 140 20
140 20 20
28 140 28
140 28 28
29 140 29
140 29 29
36 140 36
140 36 36
37 140 37
140 37 37
43 140 43
140 43 43
44 140 44
140 44 44
49 140 49
140 49 49
50 140 50
140 50 50
54 140 54
140 54 54
55 140 55
140 55 55
58 140 58
140 58 58
59 140 59
140 59 59
61 140 61
140 61 61
62 140 62
140 62 62
63 140 63
140 63 63
64 140 64
140 64 64
0 141 0
141 0 0
1 141 1
141 1 1
11 141 11
141 11 11
2 141 2
141 2 2
12 141 12
141 12 12
21 141 21
141 21 21
3 141 3
141 3 3
13 141 13
141 13 13
22 141 22
141 22 22
30 141 30
141 30 30
4 141 4
141 4 4
14 141 14
141 14 14
23 141 23
141 23 23
31 141 31
141 31 31
38 141 38
141 38 38
5 141 5
141 5 5
15 141 15
141 15 15
24 141 24
141 24 24
32 141 32
141 32 32
39 141 39
141 39 39
45 141 45
141 45 45
6 141 6
141 6 6
16 141 16
141 16 16
25 141 25
141 25 25
33 141 33
141 33 33
40 141 40
141 40 40
46 141 46
141 46 46
51 141 51
141 51 51
7 141 7
141 7 7
17 141 17
141 17 17
26 141 26
141 26 26
34 141 34
141 34 34
41 141 41
141 41 41
47 141 47
141 47 47
52 141 52
141 52 52
56 141 56
141 56 56
8 141 8
141 8 8
18 141 18
141 18 18
27 141 27
141 27 27
35 141 35
141 35 35
42 141 42
141 42 42
48 141 48
141 48 48
53 141 53
141 53 53
57 141 57
141 57 57
60 141 60
141 60 60
9 141 9
141 9 9
19 141 19
141 19 19
28 141 28
141 28 28
36 141 36
141 36 36
43 141 43
141 43 43
49 141 49
141 49 49
54 141 54
141 54 54
58 141 58
141 58 58
61 141 61
141 61 61
63 141 63
141 63 63
10 141 10
141 10 10
20 141 20
141 20 20
29 141 29
141 29 29
37 141 37
141 37 37
44 141 44
141 44 44
50 141 50
141 50 50
55 141 55
141 55 55
59 141 59
141 59 59
62 141 62
141 62 62
64 141 64
141 64 64
65 141 65
141 65 65
0 142 0
142 0 0
1 142 1
142 1 1
11 142 11
142 11 11
2 142 2
142 2 2
12 142 12
142 12 12
21 142 21
142 21 21
3 142 3
142 3 3
13 142 13
142 13 13
22 142 22
142 22 22
30 142 30
142 30 30
4 142 4
142 4 4
14 142 14
142 14 14
23 142 23
142 23 23
31 142 31
142 31 31
38 142 38
142 38 38
5 142 5
142 5 5
15 142 15
142 15 15
24 142 24
142 24 24
32 142 32
142 32 32
39 142 39
142 39 39
45 142 45
142 45 45
6 142 6
142 6 6
16 142 16
142 16 16
25 142 25
142 25 25
33 142 33
142 33 33
40 142 40
142 40 40
46 142 46
142 46 46
51 142 51
142 51 51
7 142 7
142 7 7
17 142 17
142 17 17
26 142 26
142 26 26
34 142 34
142 34 34
41 142 41
142 41 41
47 142 47
142 47 47
52 142 52
142 52 52
56 142 56
142 56 56
8 142 8
142 8 8
18 142 18
142 18 18
27 142 27
142 27 27
35 142 35
142 35 35
42 142 42
142 42 42
48 142 48
142 48 48
53 142 53
142 53 53
57 142 57
142 57 57
60 142 60
142 60 60
9 142 9
142 9 9
19 142 19
142 19 19
28 142 28
142 28 28
36 142 36
142 36 36
43 142 43
142 43 43
49 142 49
142 49 49
54 142 54
142 54 54
58 142 58
142 58 58
61 142 61
142 61 61
63 142 63
142 63 63
10 142 10
142 10 10
20 142 20
142 20 20
29 142 29
142 29 29
37 142 37
142 37 37
44 142 44
142 44 44
50 142 50
142 50 50
55 142 55
142 55 55
59 142 59
142 59 59
62 142 62
142 62 62
64 142 64
142 64 64
65 142 65
142 65 65
66 77 1
66 78 2
66 79 3
66 80 4
66 81 5
66 82 6
66 83 7
66 84 8
66 85 9
66 86 10
67 87 2
67 88 3
67 89 4
67 90 5
67 91 6
67 92 7
67 93 8
67 94 9
67 95 10
77 87 12
77 88 13
77 89 14
77 90 15
77 91 16
77 92 17
77 93 18
77 94 19
77 95 20
68 96 3
68 97 4
68 98 5
68 99 6
68 100 7
68 101 8
68 102 9
68 103 10
78 96 13
78 97 14
78 98 15
78 99 16
78 100 17
78 101 18
78 102 19
78 103 20
87 96 22
87 97 23
87 98 24
87 99 25
87 100 26
87 101 27
87 102 28
87 103 29
69 104 4
69 105 5
69 106 6
69 107 7
69 108 8
69 109 9
69 110 10
79 104 14
79 105 15
79 106 16
79 107 17
79 108 18
79 109 19
79 110 20
88 104 23
88 105 24
88 106 25
88 107 26
88 108 27
88 109 28
88 110 29
96 104 31
96 105 32
96 106 33
96 107 34
96 108 35
96 109 36
96 110 37
70 111 5
70 112 6
70 113 7
70 114 8
70 115 9
70 116 10
80 111 15
80 112 16
80 113 17
80 114 18
80 115 19
80 116 20
89 111 24
89 112 25
89 113 26
89 114 27
89 115 28
89 116 29
97 111 32
97 112 33
97 113 34
97 114 35
97 115 36
97 116 37
104 111 39
104 112 40
104 113 41
104 114 42
104 115 43
104 116 44
71 117 6
71 118 7
71 119 8
71 120 9
71 121 10
81 117 16
81 118 17
81 119 18
81 120 19
81 121 20
90 117 25
90 118 26
90 119 27
90 120 28
90 121 29
98 117 33
98 118 34
98 119 35
98 120 36
98 121 37
105 117 40
105 118 41
105 119 42
105 120 43
105 121 44
111 117 46
111 118 47
111 119 48
111 120 49
111 121 50
72 122 7
72 123 8
72 124 9
72 125 10
82 122 17
82 123 18
82 124 19
82 125 20
91 122 26
91 123 27
91 124 28
91 125 29
99 122 34
99 123 35
99 124 36
99 125 37
106 122 41
106 123 42
106 124 43
106 125 44
112 122 47
112 123 48
112 124 49
112 125 50
117 122 52
117 123 53
117 124 54
117 125 55
73 126 8
73 127 9
73 128 10
83 126 18
83 127 19
83 128 20
92 126 27
92 127 28
92 128 29
100 126 35
100 127 36
100 128 37
107 126 42
107 127 43
107 128 44
113 126 48
113 127 49
113 128 50
118 126 53
118 127 54
118 128 55
122 126 57
122 127 58
122 128 59
74 129 9
74 130 10
84 129 19
84 130 20
93 129 28
93 130 29
101 129 36
101 130 37
108 129 43
108 130 44
114 129 49
114 130 50
119 129 54
119 130 55
123 129 58
123 130 59
126 129 61
126 130 62
75 131 10
85 131 20
94 131 29
102 131 37
109 131 44
115 131 50
120 131 55
124 131 59
127 131 62
129 131 64
77 66 1
78 66 2
79 66 3
80 66 4
81 66 5
82 66 6
83 66 7
84 66 8
85 66 9
86 66 10
87 67 2
87 77 12
88 67 3
88 77 13
89 67 4
89 77 14
90 67 5
90 77 15
91 67 6
91 77 16
92 67 7
92 77 17
93 67 8
93 77 18
94 67 9
94 77 19
95 67 10
95 77 20
96 68 3
96 78 13
96 87 22
97 68 4
97 78 14
97 87 23
98 68 5
98 78 15
98 87 24
99 68 6
99 78 16
99 87 25
100 68 7
100 78 17
100 87 26
101 68 8
101 78 18
101 87 27
102 68 9
102 78 19
102 87 28
103 68 10
103 78 20
103 87 29
104 69 4
104 79 14
104 88 23
104 96 31
105 69 5
105 79 15
105 88 24
105 96 32
106 69 6
106 79 16
106 88 25
106 96 33
107 69 7
107 79 17
107 88 26
107 96 34
108 69 8
108 79 18
108 88 27
108 96 35
109 69 9
109 79 19
109 88 28
109 96 36
110 69 10
110 79 20
110 88 29
110 96 37
111 70 5
111 80 15
111 89 24
111 97 32
111 104 39
112 70 6
112 80 16
112 89 25
112 97 33
112 104 40
113 70 7
113 80 17
113 89 26
113 97 34
113 104 41
114 70 8
114 80 18
114 89 27
114 97 35
114 104 42
115 70 9
115 80 19
115 89 28
115 97 36
115 104 43
116 70 10
116 80 20
116 89 29
116 97 37
116 104 44
117 71 6
117 81 16
117 90 25
117 98 33
117 105 40
117 111 46
118 71 7
118 81 17
118 90 26
118 98 34
118 105 41
118 111 47
119 71 8
119 81 18
119 90 27
119 98 35
119 105 42
119 111 48
120 71 9
120 81 19
120 90 28
120 98 36
120 105 43
120 111 49
121 71 10
121 81 20
121 90 29
121 98 37
121 105 44
121 111 50
122 72 7
122 82 17
122 91 26
122 99 34
122 106 41
122 112 47
122 117 52
123 72 8
123 82 18
123 91 27
123 99 35
123 106 42
123 112 48
123 117 53
124 72 9
124 82 19
124 91 28
124 99 36
124 106 43
124 112 49
124 117 54
125 72 10
125 82 20
125 91 29
125 99 37
125 106 44
125 112 50
125 117 55
126 73 8
126 83 18
126 92 27
126 100 35
126 107 42
126 113 48
126 118 53
126 122 57
127 73 9
127 83 19
127 92 28
127 100 36
127 107 43
127 113 49
127 118 54
127 122 58
128 73 10
128 83 20
128 92 29
128 100 37
128 107 44
128 113 50
128 118 55
128 122 59
129 74 9
129 84 19
129 93 28
129 101 36
129 108 43
129 114 49
129 119 54
129 123 58
129 126 61
130 74 10
130 84 20
130 93 29
130 101 37
130 108 44
130 114 50
130 119 55
130 123 59
130 126 62
131 75 10
131 85 20
131 94 29
131 102 37
131 109 44
131 115 50
131 120 55
131 124 59
131 127 62
131 129 64
66 67 11
66 68 12
66 69 13
66 70 14
66 71 15
66 72 16
66 73 17
66 74 18
66 75 19
66 76 20
67 66 11
67 68 21
67 69 22
67 70 23
67 71 24
67 72 25
67 73 26
67 74 27
67 75 28
67 76 29
68 66 12
68 67 21
68 69 30
68 70 31
68 71 32
68 72 33
68 73 34
68 74 35
68 75 36
68 76 37
69 66 13
69 67 22
69 68 30
69 70 38
69 71 39
69 72 40
69 73 41
69 74 42
69 75 43
69 76 44
70 66 14
70 67 23
70 68 31
70 69 38
70 71 45
70 72 46
70 73 47
70 74 48
70 75 49
70 76 50
71 66 15
71 67 24
71 68 32
71 69 39
71 70 45
71 72 51
71 73 52
71 74 53
71 75 54
71 76 55
72 66 16
72 67 25
72 68 33
72 69 40
72 70 46
72 71 51
72 73 56
72 74 57
72 75 58
72 76 59
73 66 17
73 67 26
73 68 34
73 69 41
73 70 47
73 71 52
73 72 56
73 74 60
73 75 61
73 76 62
74 66 18
74 67 27
74 68 35
74 69 42
74 70 48
74 71 53
74 72 57
74 73 60
74 75 63
74 76 64
75 66 19
75 67 28
75 68 36
75 69 43
75 70 49
75 71 54
75 72 58
75 73 61
75 74 63
75 76 65
76 66 20
76 67 29
76 68 37
76 69 44
76 70 50
76 71 55
76 72 59
76 73 62
76 74 64
76 75 65
77 78 21
77 79 22
77 80 23
77 81 24
77 82 25
77 83 26
77 84 27
77 85 28
77 86 29
78 77 21
78 79 30
78 80 31
78 81 32
78 82 33
78 83 34
78 84 35
78 85 36
78 86 37
79 77 22
79 78 30
79 80 38
79 81 39
79 82 40
79 83 41
79 84 42
79 85 43
79 86 44
80 77 23
80 78 31
80 79 38
80 81 45
80 82 46
80 83 47
80 84 48
80 85 49
80 86 50
81 77 24
81 78 32
81 79 39
81 80 45
81 82 51
81 83 52
81 84 53
81 85 54
81 86 55
82 77 25
82 78 33
82 79 40
82 80 46
82 81 51
82 83 56
82 84 57
82 85 58
82 86 59
83 77 26
83 78 34
83 79 41
83 80 47
83 81 52
83 82 56
83 84 60
83 85 61
83 86 62
84 77 27
84 78 35
84 79 42
84 80 48
84 81 53
84 82 57
84 83 60
84 85 63
84 86 64
85 77 28
85 78 36
85 79 43
85 80 49
85 81 54
85 82 58
85 83 61
85 84 63
85 86 65
86 77 29
86 78 37
86 79 44
86 80 50
86 81 55
86 82 59
86 83 62
86 84 64
86 85 65
87 88 30
87 89 31
87 90 32
87 91 33
87 92 34
87 93 35
87 94 36
87 95 37
88 87 30
88 89 38
88 90 39
88 91 40
88 92 41
88 93 42
88 94 43
88 95 44
89 87 31
89 88 38
89 90 45
89 91 46
89 92 47
89 93 48
89 94 49
89 95 50
90 87 32
90 88 39
90 89 45
90 91 51
90 92 52
90 93 53
90 94 54
90 95 55
91 87 33
91 88 40
91 89 46
91 90 51
91 92 56
91 93 57
91 94 58
91 95 59
92 87 34
92 88 41
92 89 47
92 90 52
92 91 56
92 93 60
92 94 61
92 95 62
93 87 35
93 88 42
93 89 48
93 90 53
93 91 57
93 92 60
93 94 63
93 95 64
94 87 36
94 88 43
94 89 49
94 90 54
94 91 58
94 92 61
94 93 63
94 95 65
95 87 37
95 88 44
95 89 50
95 90 55
95 91 59
95 92 62
95 93 64
95 94 65
96 97 38
96 98 39
96 99 40
96 100 41
96 101 42
96 102 43
96 103 44
97 96 38
97 98 45
97 99 46
97 100 47
97 101 48
97 102 49
97 103 50
98 96 39
98 97 45
98 99 51
98 100 52
98 101 53
98 102 54
98 103 55
99 96 40
99 97 46
99 98 51
99 100 56
99 101 57
99 102 58
99 103 59
100 96 41
100 97 47
100 98 52
100 99 56
100 101 60
100 102 61
100 103 62
101 96 42
101 97 48
101 98 53
101 99 57
101 100 60
101 102 63
101 103 64
102 96 43
102 97 49
102 98 54
102 99 58
102 100 61
102 101 63
102 103 65
103 96 44
103 97 50
103 98 55
103 99 59
103 100 62
103 101 64
103 102 65
104 105 45
104 106 46
104 107 47
104 108 48
104 109 49
104 110 50
105 104 45
105 106 51
105 107 52
105 108 53
105 109 54
105 110 55
106 104 46
106 105 51
106 107 56
106 108 57
106 109 58
106 110 59
107 104 47
107 105 52
107 106 56
107 108 60
107 109 61
107 110 62
108 104 48
108 105 53
108 106 57
108 107 60
108 109 63
108 110 64
109 104 49
109 105 54
109 106 58
109 107 61
109 108 63
109 110 65
110 104 50
110 105 55
110 106 59
110 107 62
110 108 64
110 109 65
111 112 51
111 113 52
111 114 53
111 115 54
111 116 55
112 111 51
112 113 56
112 114 57
112 115 58
112 116 59
113 111 52
113 112 56
113 114 60
113 115 61
113 116 62
114 111 53
114 112 57
114 113 60
114 115 63
114 116 64
115 111 54
115 112 58
115 113 61
115 114 63
115 116 65
116 111 55
116 112 59
116 113 62
116 114 64
116 115 65
117 118 56
117 119 57
117 120 58
117 121 59
118 117 56
118 119 60
118 120 61
118 121 62
119 117 57
119 118 60
119 120 63
119 121 64
120 117 58
120 118 61
120 119 63
120 121 65
121 117 59
121 118 62
121 119 64
121 120 65
122 123 60
122 124 61
122 125 62
123 122 60
123 124 63
123 125 64
124 122 61
124 123 63
124 125 65
125 122 62
125 123 64
125 124 65
126 127 63
126 128 64
127 126 63
127 128 65
128 126 64
128 127 65
129 130 65
130 129 65
67 77 0
77 67 0
68 78 0
68 87 1
78 68 0
78 87 11
87 68 1
87 78 11
69 79 0
69 88 1
69 96 2
79 69 0
79 88 11
79 96 12
88 69 1
88 79 11
88 96 21
96 69 2
96 79 12
96 88 21
70 80 0
70 89 1
70 97 2
70 104 3
80 70 0
80 89 11
80 97 12
80 104 13
89 70 1
89 80 11
89 97 21
89 104 22
97 70 2
97 80 12
97 89 21
97 104 30
104 70 3
104 80 13
104 89 22
104 97 30
71 81 0
71 90 1
71 98 2
71 105 3
71 111 4
81 71 0
81 90 11
81 98 12
81 105 13
81 111 14
90 71 1
90 81 11
90 98 21
90 105 22
90 111 23
98 71 2
98 81 12
98 90 21
98 105 30
98 111 31
105 71 3
105 81 13
105 90 22
105 98 30
105 111 38
111 71 4
111 81 14
111 90 23
111 98 31
111 105 38
72 82 0
72 91 1
72 99 2
72 106 3
72 112 4
72 117 5
82 72 0
82 91 11
82 99 12
82 106 13
82 112 14
82 117 15
91 72 1
91 82 11
91 99 21
91 106 22
91 112 23
91 117 24
99 72 2
99 82 12
99 91 21
99 106 30
99 112 31
99 117 32
106 72 3
106 82 13
106 91 22
106 99 30
106 112 38
106 117 39
112 72 4
112 82 14
112 91 23
112 99 31
112 106 38
112 117 45
117 72 5
117 82 15
117 91 24
117 99 32
117 106 39
117 112 45
73 83 0
73 92 1
73 100 2
73 107 3
73 113 4
73 118 5
73 122 6
83 73 0
83 92 11
83 100 12
83 107 13
83 113 14
83 118 15
83 122 16
92 73 1
92 83 11
92 100 21
92 107 22
92 113 23
92 118 24
92 122 25
100 73 2
100 83 12
100 92 21
100 107 30
100 113 31
100 118 32
100 122 33
107 73 3
107 83 13
107 92 22
107 100 30
107 113 38
107 118 39
107 122 40
113 73 4
113 83 14
113 92 23
113 100 31
113 107 38
113 118 45
113 122 46
118 73 5
118 83 15
118 92 24
118 100 32
118 107 39
118 113 45
118 122 51
122 73 6
122 83 16
122 92 25
122 100 33
122 107 40
122 113 46
122 118 51
74 84 0
74 93 1
74 101 2
74 108 3
74 114 4
74 119 5
74 123 6
74 126 7
84 74 0
84 93 11
84 101 12
84 108 13
84 114 14
84 119 15
84 123 16
84 126 17
93 74 1
93 84 11
93 101 21
93 108 22
93 114 23
93 119 24
93 123 25
93 126 26
101 74 2
101 84 12
101 93 21
101 108 30
101 114 31
101 119 32
101 123 33
101 126 34
108 74 3
108 84 13
108 93 22
108 101 30
108 114 38
108 119 39
108 123 40
108 126 41
114 74 4
114 84 14
114 93 23
114 101 31
114 108 38
114 119 45
114 123 46
114 126 47
119 74 5
119 84 15
119 93 24
119 101 32
119 108 39
119 114 45
119 123 51
119 126 52
123 74 6
123 84 16
123 93 25
123 101 33
123 108 40
123 114 46
123 119 51
123 126 56
126 74 7
126 84 17
126 93 26
126 101 34
126 108 41
126 114 47
126 119 52
126 123 56
75 85 0
75 94 1
75 102 2
75 109 3
75 115 4
75 120 5
75 124 6
75 127 7
75 129 8
85 75 0
85 94 11
85 102 12
85 109 13
85 115 14
85 120 15
85 124 16
85 127 17
85 129 18
94 75 1
94 85 11
94 102 21
94 109 22
94 115 23
94 120 24
94 124 25
94 127 26
94 129 27
102 75 2
102 85 12
102 94 21
102 109 30
102 115 31
102 120 32
102 124 33
102 127 34
102 129 35
109 75 3
109 85 13
109 94 22
109 102 30
109 115 38
109 120 39
109 124 40
109 127 41
109 129 42
115 75 4
115 85 14
115 94 23
115 102 31
115 109 38
115 120 45
115 124 46
115 127 47
115 129 48
120 75 5
120 85 15
120 94 24
120 102 32
120 109 39
120 115 45
120 124 51
120 127 52
120 129 53
124 75 6
124 85 16
124 94 25
124 102 33
124 109 40
124 115 46
124 120 51
124 127 56
124 129 57
127 75 7
127 85 17
127 94 26
127 102 34
127 109 41
127 115 47
127 120 52
127 124 56
127 129 60
129 75 8
129 85 18
129 94 27
129 102 35
129 109 42
129 115 48
129 120 53
129 124 57
129 127 60
76 86 0
76 95 1
76 103 2
76 110 3
76 116 4
76 121 5
76 125 6
76 128 7
76 130 8
76 131 9
86 76 0
86 95 11
86 103 12
86 110 13
86 116 14
86 121 15
86 125 16
86 128 17
86 130 18
86 131 19
95 76 1
95 86 11
95 103 21
95 110 22
95 116 23
95 121 24
95 125 25
95 128 26
95 130 27
95 131 28
103 76 2
103 86 12
103 95 21
103 110 30
103 116 31
103 121 32
103 125 33
103 128 34
103 130 35
103 131 36
110 76 3
110 86 13
110 95 22
110 103 30
110 116 38
110 121 39
110 125 40
110 128 41
110 130 42
110 131 43
116 76 4
116 86 14
116 95 23
116 103 31
116 110 38
116 121 45
116 125 46
116 128 47
116 130 48
116 131 49
121 76 5
121 86 15
121 95 24
121 103 32
121 110 39
121 116 45
121 125 51
121 128 52
121 130 53
121 131 54
125 76 6
125 86 16
125 95 25
125 103 33
125 110 40
125 116 46
125 121 51
125 128 56
125 130 57
125 131 58
128 76 7
128 86 17
128 95 26
128 103 34
128 110 41
128 116 47
128 121 52
128 125 56
128 130 60
128 131 61
130 76 8
130 86 18
130 95 27
130 103 35
130 110 42
130 116 48
130 121 53
130 125 57
130 128 60
130 131 63
131 76 9
131 86 19
131 95 28
131 103 36
131 110 43
131 116 49
131 121 54
131 125 58
131 128 61
131 130 63
66 66 133
66 66 134
66 66 135
66 66 136
66 66 137
66 66 138
66 66 139
66 66 140
66 66 141
66 66 142
67 67 132
67 67 133
67 67 134
67 67 135
67 67 136
67 67 137
67 67 138
67 67 139
67 67 140
67 67 141
67 67 142
68 68 132
68 68 133
68 68 134
68 68 135
68 68 136
68 68 137
68 68 138
68 68 139
68 68 140
68 68 141
68 68 142
69 69 132
69 69 133
69 69 134
69 69 135
69 69 136
69 69 137
69 69 138
69 69 139
69 69 140
69 69 141
69 69 142
70 70 132
70 70 133
70 70 134
70 70 135
70 70 136
70 70 137
70 70 138
70 70 139
70 70 140
70 70 141
70 70 142
71 71 132
71 71 133
71 71 134
71 71 135
71 71 136
71 71 137
71 71 138
71 71 139
71 71 140
71 71 141
71 71 142
72 72 132
72 72 133
72 72 134
72 72 135
72 72 136
72 72 137
72 72 138
72 72 139
72 72 140
72 72 141
72 72 142
73 73 132
73 73 133
73 73 134
73 73 135
73 73 136
73 73 137
73 73 138
73 73 139
73 73 140
73 73 141
73 73 142
74 74 132
74 74 133
74 74 134
74 74 135
74 74 136
74 74 137
74 74 138
74 74 139
74 74 140
74 74 141
74 74 142
75 75 132
75 75 133
75 75 134
75 75 135
75 75 136
75 75 137
75 75 138
75 75 139
75 75 140
75 75 141
75 75 142
76 76 132
76 76 133
76 76 134
76 76 135
76 76 136
76 76 137
76 76 138
76 76 139
76 76 140
76 76 141
76 76 142
77 77 132
77 77 133
77 77 134
77 77 135
77 77 136
77 77 137
77 77 138
77 77 139
77 77 140
77 77 141
77 77 142
78 78 132
78 78 133
78 78 134
78 78 135
78 78 136
78 78 137
78 78 138
78 78 139
78 78 140
78 78 141
78 78 142
79 79 132
79 79 133
79 79 134
79 79 135
79 79 136
79 79 137
79 79 138
79 79 139
79 79 140
79 79 141
79 79 142
80 80 132
80 80 133
80 80 134
80 80 135
80 80 136
80 80 137
80 80 138
80 80 139
80 80 140
80 80 141
80 80 142
81 81 132
81 81 133
81 81 134
81 81 135
81 81 136
81 81 137
81 81 138
81 81 139
81 81 140
81 81 141
81 81 142
82 82 132
82 82 133
82 82 134
82 82 135
82 82 136
82 82 137
82 82 138
82 82 139
82 82 140
82 82 141
82 82 142
83 83 132
83 83 133
83 83 134
83 83 135
83 83 136
83 83 137
83 83 138
83 83 139
83 83 140
83 83 141
83 83 142
84 84 132
84 84 133
84 84 134
84 84 135
84 84 136
84 84 137
84 84 138
84 84 139
84 84 140
84 84 141
84 84 142
85 85 132
85 85 133
85 85 134
85 85 135
85 85 136
85 85 137
85 85 138
85 85 139
85 85 140
85 85 141
85 85 142
86 86 132
86 86 133
86 86 134
86 86 135
86 86 136
86 86 137
86 86 138
86 86 139
86 86 140
86 86 141
86 86 142
87 87 133
87 87 134
87 87 135
87 87 136
87 87 137
87 87 138
87 87 139
87 87 140
87 87 141
87 87 142
88 88 133
88 88 134
88 88 135
88 88 136
88 88 137
88 88 138
88 88 139
88 88 140
88 88 141
88 88 142
89 89 133
89 89 134
89 89 135
89 89 136
89 89 137
89 89 138
89 89 139
89 89 140
89 89 141
89 89 142
90 90 133
90 90 134
90 90 135
90 90 136
90 90 137
90 90 138
90 90 139
90 90 140
90 90 141
90 90 142
91 91 133
91 91 134
91 91 135
91 91 136
91 91 137
91 91 138
91 91 139
91 91 140
91 91 141
91 91 142
92 92 133
92 92 134
92 92 135
92 92 136
92 92 137
92 92 138
92 92 139
92 92 140
92 92 141
92 92 142
93 93 133
93 93 134
93 93 135
93 93 136
93 93 137
93 93 138
93 93 139
93 93 140
93 93 141
93 93 142
94 94 133
94 94 134
94 94 135
94 94 136
94 94 137
94 94 138
94 94 139
94 94 140
94 94 141
94 94 142
95 95 133
95 95 134
95 95 135
95 95 136
95 95 137
95 95 138
95 95 139
95 95 140
95 95 141
95 95 142
96 96 134
96 96 135
96 96 136
96 96 137
96 96 138
96 96 139
96 96 140
96 96 141
96 96 142
97 97 134
97 97 135
97 97 136
97 97 137
97 97 138
97 97 139
97 97 140
97 97 141
97 97 142
98 98 134
98 98 135
98 98 136
98 98 137
98 98 138
98 98 139
98 98 140
98 98 141
98 98 142
99 99 134
99 99 135
99 99 136
99 99 137
99 99 138
99 99 139
99 99 140
99 99 141
99 99 142
100 100 134
100 100 135
100 100 136
100 100 137
100 100 138
100 100 139
100 100 140
100 100 141
100 100 142
101 101 134
101 101 135
101 101 136
101 101 137
101 101 138
101 101 139
101 101 140
101 101 141
101 101 142
102 102 134
102 102 135
102 102 136
102 102 137
102 102 138
102 102 139
102 102 140
102 102 141
102 102 142
103 103 134
103 103 135
103 103 136
103 103 137
103 103 138
103 103 139
103 103 140
103 103 141
103 103 142
104 104 135
104 104 136
104 104 137
104 104 138
104 104 139
104 104 140
104 104 141
104 104 142
105 105 135
105 105 136
105 105 137
105 105 138
105 105 139
105 105 140
105 105 141
105 105 142
106 106 135
106 106 136
106 106 137
106 106 138
106 106 139
106 106 140
106 106 141
106 106 142
107 107 135
107 107 136
107 107 137
107 107 138
107 107 139
107 107 140
107 107 141
107 107 142
108 108 135
108 108 136
108 108 137
108 108 138
108 108 139
108 108 140
108 108 141
108 108 142
109 109 135
109 109 136
109 109 137
109 109 138
109 109 139
109 109 140
109 109 141
109 109 142
110 110 135
110 110 136
110 110 137
110 110 138
110 110 139
110 110 140
110 110 141
110 110 142
111 111 136
111 111 137
111 111 138
111 111 139
111 111 140
111 111 141
111 111 142
112 112 136
112 112 137
112 112 138
112 112 139
112 112 140
112 112 141
112 112 142
113 113 136
113 113 137
113 113 138
113 113 139
113 113 140
113 113 141
113 113 142
114 114 136
114 114 137
114 114 138
114 114 139
114 114 140
114 114 141
114 114 142
115 115 136
115 115 137
115 115 138
115 115 139
115 115 140
115 115 141
115 115 142
116 116 136
116 116 137
116 116 138
116 116 139
116 116 140
116 116 141
116 116 142
117 117 137
117 117 138
117 117 139
117 117 140
117 117 141
117 117 142
118 118 137
118 118 138
118 118 139
118 118 140
118 118 141
118 118 142
119 119 137
119 119 138
119 119 139
119 119 140
119 119 141
119 119 142
120 120 137
120 120 138
120 120 139
120 120 140
120 120 141
120 120 142
121 121 137
121 121 138
121 121 139
121 121 140
121 121 141
121 121 142
122 122 138
122 122 139
122 122 140
122 122 141
122 122 142
123 123 138
123 123 139
123 123 140
123 123 141
123 123 142
124 124 138
124 124 139
124 124 140
124 124 141
124 124 142
125 125 138
125 125 139
125 125 140
125 125 141
125 125 142
126 126 139
126 126 140
126 126 141
126 126 142
127 127 139
127 127 140
127 127 141
127 127 142
128 128 139
128 128 140
128 128 141
128 128 142
129 129 140
129 129 141
129 129 142
130 130 140
130 130 141
130 130 142
131 131 141
131 131 142
67 132 67
132 67 67
68 132 68
132 68 68
69 132 69
132 69 69
70 132 70
132 70 70
71 132 71
132 71 71
72 132 72
132 72 72
73 132 73
132 73 73
74 132 74
132 74 74
75 132 75
132 75 75
76 132 76
132 76 76
77 132 77
132 77 77
78 132 78
132 78 78
79 132 79
132 79 79
80 132 80
132 80 80
81 132 81
132 81 81
82 132 82
132 82 82
83 132 83
132 83 83
84 132 84
132 84 84
85 132 85
132 85 85
86 132 86
132 86 86
66 133 66
133 66 66
67 133 67
133 67 67
77 133 77
133 77 77
68 133 68
133 68 68
69 133 69
133 69 69
70 133 70
133 70 70
71 133 71
133 71 71
72 133 72
133 72 72
73 133 73
133 73 73
74 133 74
133 74 74
75 133 75
133 75 75
76 133 76
133 76 76
78 133 78
133 78 78
79 133 79
133 79 79
80 133 80
133 80 80
81 133 81
133 81 81
82 133 82
133 82 82
83 133 83
133 83 83
84 133 84
133 84 84
85 133 85
133 85 85
86 133 86
133 86 86
87 133 87
133 87 87
88 133 88
133 88 88
89 133 89
133 89 89
90 133 90
133 90 90
91 133 91
133 91 91
92 133 92
133 92 92
93 133 93
133 93 93
94 133 94
133 94 94
95 133 95
133 95 95
66 134 66
134 66 66
67 134 67
134 67 67
77 134 77
134 77 77
68 134 68
134 68 68
78 134 78
134 78 78
87 134 87
134 87 87
69 134 69
134 69 69
70 134 70
134 70 70
71 134 71
134 71 71
72 134 72
134 72 72
73 134 73
134 73 73
74 134 74
134 74 74
75 134 75
134 75 75
76 134 76
134 76 76
79 134 79
134 79 79
80 134 80
134 80 80
81 134 81
134 81 81
82 134 82
134 82 82
83 134 83
134 83 83
84 134 84
134 84 84
85 134 85
134 85 85
86 134 86
134 86 86
88 134 88
134 88 88
89 134 89
134 89 89
90 134 90
134 90 90
91 134 91
134 91 91
92 134 92
134 92 92
93 134 93
134 93 93
94 134 94
134 94 94
95 134 95
134 95 95
96 134 96
134 96 96
97 134 97
134 97 97
98 134 98
134 98 98
99 134 99
134 99 99
100 134 100
134 100 100
101 134 101
134 101 101
102 134 102
134 102 102
103 134 103
134 103 103
66 135 66
135 66 66
67 135 67
135 67 67
77 135 77
135 77 77
68 135 68
135 68 68
78 135 78
135 78 78
87 135 87
135 87 87
69 135 69
135 69 69
79 135 79
135 79 79
88 135 88
135 88 88
96 135 96
135 96 96
70 135 70
135 70 70
71 135 71
135 71 71
72 135 72
135 72 72
73 135 73
135 73 73
74 135 74
135 74 74
75 135 75
135 75 75
76 135 76
135 76 76
80 135 80
135 80 80
81 135 81
135 81 81
82 135 82
135 82 82
83 135 83
135 83 83
84 135 84
135 84 84
85 135 85
135 85 85
86 135 86
135 86 86
89 135 89
135 89 89
90 135 90
135 90 90
91 135 91
135 91 91
92 135 92
135 92 92
93 135 93
135 93 93
94 135 94
135 94 94
95 135 95
135 95 95
97 135 97
135 97 97
98 135 98
135 98 98
99 135 99
135 99 99
100 135 100
135 100 100
101 135 101
135 101 101
102 135 102
135 102 102
103 135 103
135 103 103
104 135 104
135 104 104
105 135 105
135 105 105
106 135 106
135 106 106
107 135 107
135 107 107
108 135 108
135 108 108
109 135 109
135 109 109
110 135 110
135 110 110
66 136 66
136 66 66
67 136 67
136 67 67
77 136 77
136 77 77
68 136 68
136 68 68
78 136 78
136 78 78
87 136 87
136 87 87
69 136 69
136 69 69
79 136 79
136 79 79
88 136 88
136 88 88
96 136 96
136 96 96
70 136 70
136 70 70
80 136 80
136 80 80
89 136 89
136 89 89
97 136 97
136 97 97
104 136 104
136 104 104
71 136 71
136 71 71
72 136 72
136 72 72
73 136 73
136 73 73
74 136 74
136 74 74
75 136 75
136 75 75
76 136 76
136 76 76
81 136 81
136 81 81
82 136 82
136 82 82
83 136 83
136 83 83
84 136 84
136 84 84
85 136 85
136 85 85
86 136 86
136 86 86
90 136 90
136 90 90
91 136 91
136 91 91
92 136 92
136 92 92
93 136 93
136 93 93
94 136 94
136 94 94
95 136 95
136 95 95
98 136 98
136 98 98
99 136 99
136 99 99
100 136 100
136 100 100
101 136 101
136 101 101
102 136 102
136 102 102
103 136 103
136 103 103
105 136 105
136 105 105
106 136 106
136 106 106
107 136 107
136 107 107
108 136 108
136 108 108
109 136 109
136 109 109
110 136 110
136 110 110
111 136 111
136 111 111
112 136 112
136 112 112
113 136 113
136 113 113
114 136 114
136 114 114
115 136 115
136 115 115
116 136 116
136 116 116
66 137 66
137 66 66
67 137 67
137 67 67
77 137 77
137 77 77
68 137 68
137 68 68
78 137 78
137 78 78
87 137 87
137 87 87
69 137 69
137 69 69
79 137 79
137 79 79
88 137 88
137 88 88
96 137 96
137 96 96
70 137 70
137 70 70
80 137 80
137 80 80
89 137 89
137 89 89
97 137 97
137 97 97
104 137 104
137 104 104
71 137 71
137 71 71
81 137 81
137 81 81
90 137 90
137 90 90
98 137 98
137 98 98
105 137 105
137 105 105
111 137 111
137 111 111
72 137 72
137 72 72
73 137 73
137 73 73
74 137 74
137 74 74
75 137 75
137 75 75
76 137 76
137 76 76
82 137 82
137 82 82
83 137 83
137 83 83
84 137 84
137 84 84
85 137 85
137 85 85
86 137 86
137 86 86
91 137 91
137 91 91
92 137 92
137 92 92
93 137 93
137 93 93
94 137 94
137 94 94
95 137 95
137 95 95
99 137 99
137 99 99
100 137 100
137 100 100
101 137 101
137 101 101
102 137 102
137 102 102
103 137 103
137 103 103
106 137 106
137 106 106
107 137 107
137 107 107
108 137 108
137 108 108
109 137 109
137 109 109
110 137 110
137 110 110
112 137 112
137 112 112
113 137 113
137 113 113
114 137 114
137 114 114
115 137 115
137 115 115
116 137 116
137 116 116
117 137 117
137 117 117
118 137 118
137 118 118
119 137 119
137 119 119
120 137 120
137 120 120
121 137 121
137 121 121
66 138 66
138 66 66
67 138 67
138 67 67
77 138 77
138 77 77
68 138 68
138 68 68
78 138 78
138 78 78
87 138 87
138 87 87
69 138 69
138 69 69
79 138 79
138 79 79
88 138 88
138 88 88
96 138 96
138 96 96
70 138 70
138 70 70
80 138 80
138 80 80
89 138 89
138 89 89
97 138 97
138 97 97
104 138 104
138 104 104
71 138 71
138 71 71
81 138 81
138 81 81
90 138 90
138 90 90
98 138 98
138 98 98
105 138 105
138 105 105
111 138 111
138 111 111
72 138 72
138 72 72
82 138 82
138 82 82
91 138 91
138 91 91
99 138 99
138 99 99
106 138 106
138 106 106
112 138 112
138 112 112
117 138 117
138 117 117
73 138 73
138 73 73
74 138 74
138 74 74
75 138 75
138 75 75
76 138 76
138 76 76
83 138 83
138 83 83
84 138 84
138 84 84
85 138 85
138 85 85
86 138 86
138 86 86
92 138 92
138 92 92
93 138 93
138 93 93
94 138 94
138 94 94
95 138 95
138 95 95
100 138 100
138 100 100
101 138 101
138 101 101
102 138 102
138 102 102
103 138 103
138 103 103
107 138 107
138 107 107
108 138 108
138 108 108
109 138 109
138 109 109
110 138 110
138 110 110
113 138 113
138 113 113
114 138 114
138 114 114
115 138 115
138 115 115
116 138 116
138 116 116
118 138 118
138 118 118
119 138 119
138 119 119
120 138 120
138 120 120
121 138 121
138 121 121
122 138 122
138 122 122
123 138 123
138 123 123
124 138 124
138 124 124
125 138 125
138 125 125
66 139 66
139 66 66
67 139 67
139 67 67
77 139 77
139 77 77
68 139 68
139 68 68
78 139 78
139 78 78
87 139 87
139 87 87
69 139 69
139 69 69
79 139 79
139 79 79
88 139 88
139 88 88
96 139 96
139 96 96
70 139 70
139 70 70
80 139 80
139 80 80
89 139 89
139 89 89
97 139 97
139 97 97
104 139 104
139 104 104
71 139 71
139 71 71
81 139 81
139 81 81
90 139 90
139 90 90
98 139 98
139 98 98
105 139 105
139 105 105
111 139 111
139 111 111
72 139 72
139 72 72
82 139 82
139 82 82
91 139 91
139 91 91
99 139 99
139 99 99
106 139 106
139 106 106
112 139 112
139 112 112
117 139 117
139 117 117
73 139 73
139 73 73
83 139 83
139 83 83
92 139 92
139 92 92
100 139 100
139 100 100
107 139 107
139 107 107
113 139 113
139 113 113
118 139 118
139 118 118
122 139 122
139 122 122
74 139 74
139 74 74
75 139 75
139 75 75
76 139 76
139 76 76
84 139 84
139 84 84
85 139 85
139 85 85
86 139 86
139 86 86
93 139 93
139 93 93
94 139 94
139 94 94
95 139 95
139 95 95
101 139 101
139 101 101
102 139 102
139 102 102
103 139 103
139 103 103
108 139 108
139 108 108
109 139 109
139 109 109
110 139 110
139 110 110
114 139 114
139 114 114
115 139 115
139 115 115
116 139 116
139 116 116
119 139 119
139 119 119
120 139 120
139 120 120
121 139 121
139 121 121
123 139 123
139 123 123
124 139 124
139 124 124
125 139 125
139 125 125
126 139 126
139 126 126
127 139 127
139 127 127
128 139 128
139 128 128
66 140 66
140 66 66
67 140 67
140 67 67
77 140 77
140 77 77
68 140 68
140 68 68
78 140 78
140 78 78
87 140 87
140 87 87
69 140 69
140 69 69
79 140 79
140 79 79
88 140 88
140 88 88
96 140 96
140 96 96
70 140 70
140 70 70
80 140 80
140 80 80
89 140 89
140 89 89
97 140 97
140 97 97
104 140 104
140 104 104
71 140 71
140 71 71
81 140 81
140 81 81
90 140 90
140 90 90
98 140 98
140 98 98
105 140 105
140 105 105
111 140 111
140 111 111
72 140 72
140 72 72
82 140 82
140 82 82
91 140 91
140 91 91
99 140 99
140 99 99
106 140 106
140 106 106
112 140 112
140 112 112
117 140 117
140 117 117
73 140 73
140 73 73
83 140 83
140 83 83
92 140 92
140 92 92
100 140 100
140 100 100
107 140 107
140 107 107
113 140 113
140 113 113
118 140 118
140 118 118
122 140 122
140 122 122
74 140 74
140 74 74
84 140 84
140 84 84
93 140 93
140 93 93
101 140 101
140 101 101
108 140 108
140 108 108
114 140 114
140 114 114
119 140 119
140 119 119
123 140 123
140 123 123
126 140 126
140 126 126
75 140 75
140 75 75
76 140 76
140 76 76
85 140 85
140 85 85
86 140 86
140 86 86
94 140 94
140 94 94
95 140 95
140 95 95
102 140 102
140 102 102
103 140 103
140 103 103
109 140 109
140 109 109
110 140 110
140 110 110
115 140 115
140 115 115
116 140 116
140 116 116
120 140 120
140 120 120
121 140 121
140 121 121
124 140 124
140 124 124
125 140 125
140 125 125
127 140 127
140 127 127
128 140 128
140 128 128
129 140 129
140 129 129
130 140 130
140 130 130
66 141 66
141 66 66
67 141 67
141 67 67
77 141 77
141 77 77
68 141 68
141 68 68
78 141 78
141 78 78
87 141 87
141 87 87
69 141 69
141 69 69
79 141 79
141 79 79
88 141 88
141 88 88
96 141 96
141 96 96
70 141 70
141 70 70
80 141 80
141 80 80
89 141 89
141 89 89
97 141 97
141 97 97
104 141 104
141 104 104
71 141 71
141 71 71
81 141 81
141 81 81
90 141 90
141 90 90
98 141 98
141 98 98
105 141 105
141 105 105
111 141 111
141 111 111
72 141 72
141 72 72
82 141 82
141 82 82
91 141 91
141 91 91
99 141 99
141 99 99
106 141 106
141 106 106
112 141 112
141 112 112
117 141 117
141 117 117
73 141 73
141 73 73
83 141 83
141 83 83
92 141 92
141 92 92
100 141 100
141 100 100
107 141 107
141 107 107
113 141 113
141 113 113
118 141 118
141 118 118
122 141 122
141 122 122
74 141 74
141 74 74
84 141 84
141 84 84
93 141 93
141 93 93
101 141 101
141 101 101
108 141 108
141 108 108
114 141 114
141 114 114
119 141 119
141 119 119
123 141 123
141 123 123
126 141 126
141 126 126
75 141 75
141 75 75
85 141 85
141 85 85
94 141 94
141 94 94
102 141 102
141 102 102
109 141 109
141 109 109
115 141 115
141 115 115
120 141 120
141 120 120
124 141 124
141 124 124
127 141 127
141 127 127
129 141 129
141 129 129
76 141 76
141 76 76
86 141 86
141 86 86
95 141 95
141 95 95
103 141 103
141 103 103
110 141 110
141 110 110
116 141 116
141 116 116
121 141 121
141 121 121
125 141 125
141 125 125
128 141 128
141 128 128
130 141 130
141 130 130
131 141 131
141 131 131
66 142 66
142 66 66
67 142 67
142 67 67
77 142 77
142 77 77
68 142 68
142 68 68
78 142 78
142 78 78
87 142 87
142 87 87
69 142 69
142 69 69
79 142 79
142 79 79
88 142 88
142 88 88
96 142 96
142 96 96
70 142 70
142 70 70
80 142 80
142 80 80
89 142 89
142 89 89
97 142 97
142 97 97
104 142 104
142 104 104
71 142 71
142 71 71
81 142 81
142 81 81
90 142 90
142 90 90
98 142 98
142 98 98
105 142 105
142 105 105
111 142 111
142 111 111
72 142 72
142 72 72
82 142 82
142 82 82
91 142 91
142 91 91
99 142 99
142 99 99
106 142 106
142 106 106
112 142 112
142 112 112
117 142 117
142 117 117
73 142 73
142 73 73
83 142 83
142 83 83
92 142 92
142 92 92
100 142 100
142 100 100
107 142 107
142 107 107
113 142 113
142 113 113
118 142 118
142 118 118
122 142 122
142 122 122
74 142 74
142 74 74
84 142 84
142 84 84
93 142 93
142 93 93
101 142 101
142 101 101
108 142 108
142 108 108
114 142 114
142 114 114
119 142 119
142 119 119
123 142 123
142 123 123
126 142 126
142 126 126
75 142 75
142 75 75
85 142 85
142 85 85
94 142 94
142 94 94
102 142 102
142 102 102
109 142 109
142 109 109
115 142 115
142 115 115
120 142 120
142 120 120
124 142 124
142 124 124
127 142 127
142 127 127
129 142 129
142 129 129
76 142 76
142 76 76
86 142 86
142 86 86
95 142 95
142 95 95
103 142 103
142 103 103
110 142 110
142 110 110
116 142 116
142 116 116
121 142 121
142 121 121
125 142 125
142 125 125
128 142 128
142 128 128
130 142 130
142 130 130
131 142 131
142 131 131
132 133 132
133 132 132
132 134 132
134 132 132
132 135 132
135 132 132
132 136 132
136 132 132
132 137 132
137 132 132
132 138 132
138 132 132
132 139 132
139 132 132
132 140 132
140 132 132
132 141 132
141 132 132
132 142 132
142 132 132
133 134 133
134 133 133
133 135 133
135 133 133
133 136 133
136 133 133
133 137 133
137 133 133
133 138 133
138 133 133
133 139 133
139 133 133
133 140 133
140 133 133
133 141 133
141 133 133
133 142 133
142 133 133
134 135 134
135 134 134
134 136 134
136 134 134
134 137 134
137 134 134
134 138 134
138 134 134
134 139 134
139 134 134
134 140 134
140 134 134
134 141 134
141 134 134
134 142 134
142 134 134
135 136 135
136 135 135
135 137 135
137 135 135
135 138 135
138 135 135
135 139 135
139 135 135
135 140 135
140 135 135
135 141 135
141 135 135
135 142 135
142 135 135
136 137 136
137 136 136
136 138 136
138 136 136
136 139 136
139 136 136
136 140 136
140 136 136
136 141 136
141 136 136
136 142 136
142 136 136
137 138 137
138 137 137
137 139 137
139 137 137
137 140 137
140 137 137
137 141 137
141 137 137
137 142 137
142 137 137
138 139 138
139 138 138
138 140 138
140 138 138
138 141 138
141 138 138
138 142 138
142 138 138
139 140 139
140 139 139
139 141 139
141 139 139
139 142 139
142 139 139
140 141 140
141 140 140
140 142 140
142 140 140
141 142 141
142 141 141
132 132 133
132 132 134
132 132 135
132 132 136
132 132 137
132 132 138
132 132 139
132 132 140
132 132 141
132 132 142
133 133 133
133 133 134
133 133 135
133 133 136
133 133 137
133 133 138
133 133 139
133 133 140
133 133 141
133 133 142
134 134 134
134 134 135
134 134 136
134 134 137
134 134 138
134 134 139
134 134 140
134 134 141
134 134 142
135 135 135
135 135 136
135 135 137
135 135 138
135 135 139
135 135 140
135 135 141
135 135 142
136 136 136
136 136 137
136 136 138
136 136 139
136 136 140
136 136 141
136 136 142
137 137 137
137 137 138
137 137 139
137 137 140
137 137 141
137 137 142
138 138 138
138 138 139
138 138 140
138 138 141
138 138 142
139 139 139
139 139 140
139 139 141
139 139 142
140 140 140
140 140 141
140 140 142
141 141 141
141 141 142
142 142 142
