0 6 1
0 7 2
0 8 3
0 9 4
0 10 5
1 11 2
1 12 3
1 13 4
1 14 5
6 11 7
6 12 8
6 13 9
6 14 10
2 15 3
2 16 4
2 17 5
7 15 8
7 16 9
7 17 10
11 15 12
11 16 13
11 17 14
3 18 4
3 19 5
8 18 9
8 19 10
12 18 13
12 19 14
15 18 16
15 19 17
4 20 5
9 20 10
13 20 14
16 20 17
18 20 19
6 0 1
7 0 2
8 0 3
9 0 4
10 0 5
11 1 2
11 6 7
12 1 3
12 6 8
13 1 4
13 6 9
14 1 5
14 6 10
15 2 3
15 7 8
15 11 12
16 2 4
16 7 9
16 11 13
17 2 5
17 7 10
17 11 14
18 3 4
18 8 9
18 12 13
18 15 16
19 3 5
19 8 10
19 12 14
19 15 17
20 4 5
20 9 10
20 13 14
20 16 17
20 18 19
0 1 6
0 2 7
0 3 8
0 4 9
0 5 10
1 0 6
1 2 11
1 3 12
1 4 13
1 5 14
2 0 7
2 1 11
2 3 15
2 4 16
2 5 17
3 0 8
3 1 12
3 2 15
3 4 18
3 5 19
4 0 9
4 1 13
4 2 16
4 3 18
4 5 20
5 0 10
5 1 14
5 2 17
5 3 19
5 4 20
6 7 11
6 8 12
6 9 13
6 10 14
7 6 11
7 8 15
7 9 16
7 10 17
8 6 12
8 7 15
8 9 18
8 10 19
9 6 13
9 7 16
9 8 18
9 10 20
10 6 14
10 7 17
10 8 19
10 9 20
11 12 15
11 13 16
11 14 17
12 11 15
12 13 18
12 14 19
13 11 16
13 12 18
13 14 20
14 11 17
14 12 19
14 13 20
15 16 18
15 17 19
16 15 18
16 17 20
17 15 19
17 16 20
18 19 20
19 18 20
1 6 0
6 1 0
2 7 0
2 11 1
7 2 0
7 11 6
11 2 1
11 7 6
3 8 0
3 12 1
3 15 2
8 3 0
8 12 6
8 15 7
12 3 1
12 8 6
12 15 11
15 3 2
15 8 7
15 12 11
4 9 0
4 13 1
4 16 2
4 18 3
9 4 0
9 13 6
9 16 7
9 18 8
13 4 1
13 9 6
13 16 11
13 18 12
16 4 2
16 9 7
16 13 11
16 18 15
18 4 3
18 9 8
18 13 12
18 16 15
5 10 0
5 14 1
5 17 2
5 19 3
5 20 4
10 5 0
10 14 6
10 17 7
10 19 8
10 20 9
14 5 1
14 10 6
14 17 11
14 19 12
14 20 13
17 5 2
17 10 7
17 14 11
17 19 15
17 20 16
19 5 3
19 10 8
19 14 12
19 17 15
19 20 18
20 5 4
20 10 9
20 14 13
20 17 16
20 19 18
0 0 43
0 0 44
0 0 45
0 0 46
0 0 47
1 1 42
1 1 43
1 1 44
1 1 45
1 1 46
1 1 47
2 2 42
2 2 43
2 2 44
2 2 45
2 2 46
2 2 47
3 3 42
3 3 43
3 3 44
3 3 45
3 3 46
3 3 47
4 4 42
4 4 43
4 4 44
4 4 45
4 4 46
4 4 47
5 5 42
5 5 43
5 5 44
5 5 45
5 5 46
5 5 47
6 6 42
6 6 43
6 6 44
6 6 45
6 6 46
6 6 47
7 7 42
7 7 43
7 7 44
7 7 45
7 7 46
7 7 47
8 8 42
8 8 43
8 8 44
8 8 45
8 8 46
8 8 47
9 9 42
9 9 43
9 9 44
9 9 45
9 9 46
9 9 47
10 10 42
10 10 43
10 10 44
10 10 45
10 10 46
10 10 47
11 11 43
11 11 44
11 11 45
11 11 46
11 11 47
12 12 43
12 12 44
12 12 45
12 12 46
12 12 47
13 13 43
13 13 44
13 13 45
13 13 46
13 13 47
14 14 43
14 14 44
14 14 45
14 14 46
14 14 47
15 15 44
15 15 45
15 15 46
15 15 47
16 16 44
16 16 45
16 16 46
16 16 47
17 17 44
17 17 45
17 17 46
17 17 47
18 18 45
18 18 46
18 18 47
19 19 45
19 19 46
19 19 47
20 20 46
20 20 47
0 27 22
27 0 22
0 28 23
28 0 23
0 29 24
29 0 24
0 30 25
30 0 25
0 31 26
31 0 26
1 32 23
32 1 23
1 33 24
33 1 24
1 34 25
34 1 25
1 35 26
35 1 26
6 32 28
32 6 28
6 33 29
33 6 29
6 34 30
34 6 30
6 35 31
35 6 31
2 36 24
36 2 24
2 37 25
37 2 25
2 38 26
38 2 26
7 36 29
36 7 29
7 37 30
37 7 30
7 38 31
38 7 31
11 36 33
36 11 33
11 37 34
37 11 34
11 38 35
38 11 35
3 39 25
39 3 25
3 40 26
40 3 26
8 39 30
39 8 30
8 40 31
40 8 31
12 39 34
39 12 34
12 40 35
40 12 35
15 39 37
39 15 37
15 40 38
40 15 38
4 41 26
41 4 26
9 41 31
41 9 31
13 41 35
41 13 35
16 41 38
41 16 38
18 41 40
41 18 40
6 21 22
21 6 22
7 21 23
21 7 23
8 21 24
21 8 24
9 21 25
21 9 25
10 21 26
21 10 26
11 22 23
22 11 23
11 27 28
27 11 28
12 22 24
22 12 24
12 27 29
27 12 29
13 22 25
22 13 25
13 27 30
27 13 30
14 22 26
22 14 26
14 27 31
27 14 31
15 23 24
23 15 24
15 28 29
28 15 29
15 32 33
32 15 33
16 23 25
23 16 25
16 28 30
28 16 30
16 32 34
32 16 34
17 23 26
23 17 26
17 28 31
28 17 31
17 32 35
32 17 35
18 24 25
24 18 25
18 29 30
29 18 30
18 33 34
33 18 34
18 36 37
36 18 37
19 24 26
24 19 26
19 29 31
29 19 31
19 33 35
33 19 35
19 36 38
36 19 38
20 25 26
25 20 26
20 30 31
30 20 31
20 34 35
34 20 35
20 37 38
37 20 38
20 39 40
39 20 40
0 22 27
22 0 27
0 23 28
23 0 28
0 24 29
24 0 29
0 25 30
25 0 30
0 26 31
26 0 31
1 21 27
21 1 27
1 23 32
23 1 32
1 24 33
24 1 33
1 25 34
25 1 34
1 26 35
26 1 35
2 21 28
21 2 28
2 22 32
22 2 32
2 24 36
24 2 36
2 25 37
25 2 37
2 26 38
26 2 38
3 21 29
21 3 29
3 22 33
22 3 33
3 23 36
23 3 36
3 25 39
25 3 39
3 26 40
26 3 40
4 21 30
21 4 30
4 22 34
22 4 34
4 23 37
23 4 37
4 24 39
24 4 39
4 26 41
26 4 41
5 21 31
21 5 31
5 22 35
22 5 35
5 23 38
23 5 38
5 24 40
24 5 40
5 25 41
25 5 41
6 28 32
28 6 32
6 29 33
29 6 33
6 30 34
30 6 34
6 31 35
31 6 35
7 27 32
27 7 32
7 29 36
29 7 36
7 30 37
30 7 37
7 31 38
31 7 38
8 27 33
27 8 33
8 28 36
28 8 36
8 30 39
30 8 39
8 31 40
31 8 40
9 27 34
27 9 34
9 28 37
28 9 37
9 29 39
29 9 39
9 31 41
31 9 41
10 27 35
27 10 35
10 28 38
28 10 38
10 29 40
29 10 40
10 30 41
30 10 41
11 33 36
33 11 36
11 34 37
34 11 37
11 35 38
35 11 38
12 32 36
32 12 36
12 34 39
34 12 39
12 35 40
35 12 40
13 32 37
32 13 37
13 33 39
33 13 39
13 35 41
35 13 41
14 32 38
32 14 38
14 33 40
33 14 40
14 34 41
34 14 41
15 37 39
37 15 39
15 38 40
38 15 40
16 36 39
36 16 39
16 38 41
38 16 41
17 36 40
36 17 40
17 37 41
37 17 41
18 40 41
40 18 41
19 39 41
39 19 41
1 27 21
27 1 21
6 22 21
22 6 21
2 28 21
28 2 21
2 32 22
32 2 22
7 23 21
23 7 21
7 32 27
32 7 27
11 23 22
23 11 22
11 28 27
28 11 27
3 29 21
29 3 21
3 33 22
33 3 22
3 36 23
36 3 23
8 24 21
24 8 21
8 33 27
33 8 27
8 36 28
36 8 28
12 24 22
24 12 22
12 29 27
29 12 27
12 36 32
36 12 32
15 24 23
24 15 23
15 29 28
29 15 28
15 33 32
33 15 32
4 30 21
30 4 21
4 34 22
34 4 22
4 37 23
37 4 23
4 39 24
39 4 24
9 25 21
25 9 21
9 34 27
34 9 27
9 37 28
37 9 28
9 39 29
39 9 29
13 25 22
25 13 22
13 30 27
30 13 27
13 37 32
37 13 32
13 39 33
39 13 33
16 25 23
25 16 23
16 30 28
30 16 28
16 34 32
34 16 32
16 39 36
39 16 36
18 25 24
25 18 24
18 30 29
30 18 29
18 34 33
34 18 33
18 37 36
37 18 36
5 31 21
31 5 21
5 35 22
35 5 22
5 38 23
38 5 23
5 40 24
40 5 24
5 41 25
41 5 25
10 26 21
26 10 21
10 35 27
35 10 27
10 38 28
38 10 28
10 40 29
40 10 29
10 41 30
41 10 30
14 26 22
26 14 22
14 31 27
31 14 27
14 38 32
38 14 32
14 40 33
40 14 33
14 41 34
41 14 34
17 26 23
26 17 23
17 31 28
31 17 28
17 35 32
35 17 32
17 40 36
40 17 36
17 41 37
41 17 37
19 26 24
26 19 24
19 31 29
31 19 29
19 35 33
35 19 33
19 38 36
38 19 36
19 41 39
41 19 39
20 26 25
26 20 25
20 31 30
31 20 30
20 35 34
35 20 34
20 38 37
38 20 37
20 40 39
40 20 39
1 42 1
42 1 1
2 42 2
42 2 2
3 42 3
42 3 3
4 42 4
42 4 4
5 42 5
42 5 5
6 42 6
42 6 6
7 42 7
42 7 7
8 42 8
42 8 8
9 42 9
42 9 9
10 42 10
42 10 10
0 43 0
43 0 0
1 43 1
43 1 1
6 43 6
43 6 6
2 43 2
43 2 2
3 43 3
43 3 3
4 43 4
43 4 4
5 43 5
43 5 5
7 43 7
43 7 7
8 43 8
43 8 8
9 43 9
43 9 9
10 43 10
43 10 10
11 43 11
43 11 11
12 43 12
43 12 12
13 43 13
43 13 13
14 43 14
43 14 14
0 44 0
44 0 0
1 44 1
44 1 1
6 44 6
44 6 6
2 44 2
44 2 2
7 44 7
44 7 7
11 44 11
44 11 11
3 44 3
44 3 3
4 44 4
44 4 4
5 44 5
44 5 5
8 44 8
44 8 8
9 44 9
44 9 9
10 44 10
44 10 10
12 44 12
44 12 12
13 44 13
44 13 13
14 44 14
44 14 14
15 44 15
44 15 15
16 44 16
44 16 16
17 44 17
44 17 17
0 45 0
45 0 0
1 45 1
45 1 1
6 45 6
45 6 6
2 45 2
45 2 2
7 45 7
45 7 7
11 45 11
45 11 11
3 45 3
45 3 3
8 45 8
45 8 8
12 45 12
45 12 12
15 45 15
45 15 15
4 45 4
45 4 4
5 45 5
45 5 5
9 45 9
45 9 9
10 45 10
45 10 10
13 45 13
45 13 13
14 45 14
45 14 14
16 45 16
45 16 16
17 45 17
45 17 17
18 45 18
45 18 18
19 45 19
45 19 19
0 46 0
46 0 0
1 46 1
46 1 1
6 46 6
46 6 6
2 46 2
46 2 2
7 46 7
46 7 7
11 46 11
46 11 11
3 46 3
46 3 3
8 46 8
46 8 8
12 46 12
46 12 12
15 46 15
46 15 15
4 46 4
46 4 4
9 46 9
46 9 9
13 46 13
46 13 13
16 46 16
46 16 16
18 46 18
46 18 18
5 46 5
46 5 5
10 46 10
46 10 10
14 46 14
46 14 14
17 46 17
46 17 17
19 46 19
46 19 19
20 46 20
46 20 20
0 47 0
47 0 0
1 47 1
47 1 1
6 47 6
47 6 6
2 47 2
47 2 2
7 47 7
47 7 7
11 47 11
47 11 11
3 47 3
47 3 3
8 47 8
47 8 8
12 47 12
47 12 12
15 47 15
47 15 15
4 47 4
47 4 4
9 47 9
47 9 9
13 47 13
47 13 13
16 47 16
47 16 16
18 47 18
47 18 18
5 47 5
47 5 5
10 47 10
47 10 10
14 47 14
47 14 14
17 47 17
47 17 17
19 47 19
47 19 19
20 47 20
47 20 20
21 27 1
21 28 2
21 29 3
21 30 4
21 31 5
22 32 2
22 33 3
22 34 4
22 35 5
27 32 7
27 33 8
27 34 9
27 35 10
23 36 3
23 37 4
23 38 5
28 36 8
28 37 9
28 38 10
32 36 12
32 37 13
32 38 14
24 39 4
24 40 5
29 39 9
29 40 10
33 39 13
33 40 14
36 39 16
36 40 17
25 41 5
30 41 10
34 41 14
37 41 17
39 41 19
27 21 1
28 21 2
29 21 3
30 21 4
31 21 5
32 22 2
32 27 7
33 22 3
33 27 8
34 22 4
34 27 9
35 22 5
35 27 10
36 23 3
36 28 8
36 32 12
37 23 4
37 28 9
37 32 13
38 23 5
38 28 10
38 32 14
39 24 4
39 29 9
39 33 13
39 36 16
40 24 5
40 29 10
40 33 14
40 36 17
41 25 5
41 30 10
41 34 14
41 37 17
41 39 19
21 22 6
21 23 7
21 24 8
21 25 9
21 26 10
22 21 6
22 23 11
22 24 12
22 25 13
22 26 14
23 21 7
23 22 11
23 24 15
23 25 16
23 26 17
24 21 8
24 22 12
24 23 15
24 25 18
24 26 19
25 21 9
25 22 13
25 23 16
25 24 18
25 26 20
26 21 10
26 22 14
26 23 17
26 24 19
26 25 20
27 28 11
27 29 12
27 30 13
27 31 14
28 27 11
28 29 15
28 30 16
28 31 17
29 27 12
29 28 15
29 30 18
29 31 19
30 27 13
30 28 16
30 29 18
30 31 20
31 27 14
31 28 17
31 29 19
31 30 20
32 33 15
32 34 16
32 35 17
33 32 15
33 34 18
33 35 19
34 32 16
34 33 18
34 35 20
35 32 17
35 33 19
35 34 20
36 37 18
36 38 19
37 36 18
37 38 20
38 36 19
38 37 20
39 40 20
40 39 20
22 27 0
27 22 0
23 28 0
23 32 1
28 23 0
28 32 6
32 23 1
32 28 6
24 29 0
24 33 1
24 36 2
29 24 0
29 33 6
29 36 7
33 24 1
33 29 6
33 36 11
36 24 2
36 29 7
36 33 11
25 30 0
25 34 1
25 37 2
25 39 3
30 25 0
30 34 6
30 37 7
30 39 8
34 25 1
34 30 6
34 37 11
34 39 12
37 25 2
37 30 7
37 34 11
37 39 15
39 25 3
39 30 8
39 34 12
39 37 15
26 31 0
26 35 1
26 38 2
26 40 3
26 41 4
31 26 0
31 35 6
31 38 7
31 40 8
31 41 9
35 26 1
35 31 6
35 38 11
35 40 12
35 41 13
38 26 2
38 31 7
38 35 11
38 40 15
38 41 16
40 26 3
40 31 8
40 35 12
40 38 15
40 41 18
41 26 4
41 31 9
41 35 13
41 38 16
41 40 18
21 21 43
21 21 44
21 21 45
21 21 46
21 21 47
22 22 42
22 22 43
22 22 44
22 22 45
22 22 46
22 22 47
23 23 42
23 23 43
23 23 44
23 23 45
23 23 46
23 23 47
24 24 42
24 24 43
24 24 44
24 24 45
24 24 46
24 24 47
25 25 42
25 25 43
25 25 44
25 25 45
25 25 46
25 25 47
26 26 42
26 26 43
26 26 44
26 26 45
26 26 46
26 26 47
27 27 42
27 27 43
27 27 44
27 27 45
27 27 46
27 27 47
28 28 42
28 28 43
28 28 44
28 28 45
28 28 46
28 28 47
29 29 42
29 29 43
29 29 44
29 29 45
29 29 46
29 29 47
30 30 42
30 30 43
30 30 44
30 30 45
30 30 46
30 30 47
31 31 42
31 31 43
31 31 44
31 31 45
31 31 46
31 31 47
32 32 43
32 32 44
32 32 45
32 32 46
32 32 47
33 33 43
33 33 44
33 33 45
33 33 46
33 33 47
34 34 43
34 34 44
34 34 45
34 34 46
34 34 47
35 35 43
35 35 44
35 35 45
35 35 46
35 35 47
36 36 44
36 36 45
36 36 46
36 36 47
37 37 44
37 37 45
37 37 46
37 37 47
38 38 44
38 38 45
38 38 46
38 38 47
39 39 45
39 39 46
39 39 47
40 40 45
40 40 46
40 40 47
41 41 46
41 41 47
22 42 22
42 22 22
23 42 23
42 23 23
24 42 24
42 24 24
25 42 25
42 25 25
26 42 26
42 26 26
27 42 27
42 27 27
28 42 28
42 28 28
29 42 29
42 29 29
30 42 30
42 30 30
31 42 31
42 31 31
21 43 21
43 21 21
22 43 22
43 22 22
27 43 27
43 27 27
23 43 23
43 23 23
24 43 24
43 24 24
25 43 25
43 25 25
26 43 26
43 26 26
28 43 28
43 28 28
29 43 29
43 29 29
30 43 30
43 30 30
31 43 31
43 31 31
32 43 32
43 32 32
33 43 33
43 33 33
34 43 34
43 34 34
35 43 35
43 35 35
21 44 21
44 21 21
22 44 22
44 22 22
27 44 27
44 27 27
23 44 23
44 23 23
28 44 28
44 28 28
32 44 32
44 32 32
24 44 24
44 24 24
25 44 25
44 25 25
26 44 26
44 26 26
29 44 29
44 29 29
30 44 30
44 30 30
31 44 31
44 31 31
33 44 33
44 33 33
34 44 34
44 34 34
35 44 35
44 35 35
36 44 36
44 36 36
37 44 37
44 37 37
38 44 38
44 38 38
21 45 21
45 21 21
22 45 22
45 22 22
27 45 27
45 27 27
23 45 23
45 23 23
28 45 28
45 28 28
32 45 32
45 32 32
24 45 24
45 24 24
29 45 29
45 29 29
33 45 33
45 33 33
36 45 36
45 36 36
25 45 25
45 25 25
26 45 26
45 26 26
30 45 30
45 30 30
31 45 31
45 31 31
34 45 34
45 34 34
35 45 35
45 35 35
37 45 37
45 37 37
38 45 38
45 38 38
39 45 39
45 39 39
40 45 40
45 40 40
21 46 21
46 21 21
22 46 22
46 22 22
27 46 27
46 27 27
23 46 23
46 23 23
28 46 28
46 28 28
32 46 32
46 32 32
24 46 24
46 24 24
29 46 29
46 29 29
33 46 33
46 33 33
36 46 36
46 36 36
25 46 25
46 25 25
30 46 30
46 30 30
34 46 34
46 34 34
37 46 37
46 37 37
39 46 39
46 39 39
26 46 26
46 26 26
31 46 31
46 31 31
35 46 35
46 35 35
38 46 38
46 38 38
40 46 40
46 40 40
41 46 41
46 41 41
21 47 21
47 21 21
22 47 22
47 22 22
27 47 27
47 27 27
23 47 23
47 23 23
28 47 28
47 28 28
32 47 32
47 32 32
24 47 24
47 24 24
29 47 29
47 29 29
33 47 33
47 33 33
36 47 36
47 36 36
25 47 25
47 25 25
30 47 30
47 30 30
34 47 34
47 34 34
37 47 37
47 37 37
39 47 39
47 39 39
26 47 26
47 26 26
31 47 31
47 31 31
35 47 35
47 35 35
38 47 38
47 38 38
40 47 40
47 40 40
41 47 41
47 41 41
42 43 42
43 42 42
42 44 42
44 42 42
42 45 42
45 42 42
42 46 42
46 42 42
42 47 42
47 42 42
43 44 43
44 43 43
43 45 43
45 43 43
43 46 43
46 43 43
43 47 43
47 43 43
44 45 44
45 44 44
44 46 44
46 44 44
44 47 44
47 44 44
45 46 45
46 45 45
45 47 45
47 45 45
46 47 46
47 46 46
42 42 43
42 42 44
42 42 45
42 42 46
42 42 47
43 43 43
43 43 44
43 43 45
43 43 46
43 43 47
44 44 44
44 44 45
44 44 46
44 44 47
45 45 45
45 45 46
45 45 47
46 46 46
46 46 47
47 47 47
